105.55,0.067
105.65,0.067
105.65,0.066
105.65,0.066
105.65,0.066
105.65,0.067
105.65,0.067
105.75,0.068
105.75,0.067
105.75,0.066
105.75,0.066
105.75,0.066
105.75,0.065
105.75,0.066
105.75,0.066
105.75,0.066
105.75,0.067
105.75,0.067
105.75,0.067
105.75,0.066
105.75,0.066
105.75,0.066
105.75,0.067
105.84,0.066
105.84,0.066
105.84,0.065
105.84,0.065
105.84,0.065
105.84,0.066
105.84,0.068
105.84,0.068
105.84,0.068
105.84,0.068
105.84,0.068
105.84,0.067
105.84,0.067
105.84,0.067
105.84,0.067
105.84,0.067
105.84,0.066
105.84,0.066
105.84,0.066
105.84,0.066
105.84,0.065
105.84,0.065
105.84,0.065
105.84,0.066
105.84,0.066
105.84,0.066
105.84,0.066
105.84,0.067
105.84,0.067
105.84,0.067
105.84,0.067
105.84,0.067
105.84,0.067
105.84,0.067
105.84,0.067
105.94,0.068
105.94,0.067
105.94,0.066
105.94,0.066
105.94,0.065
105.94,0.066
105.94,0.066
105.94,0.066
105.94,0.067
105.94,0.066
105.94,0.064
105.94,0.064
105.94,0.064
105.94,0.064
105.94,0.064
105.94,0.064
105.94,0.064
105.94,0.064
105.94,0.066
105.94,0.066
105.94,0.065
105.94,0.065
105.94,0.065
105.94,0.066
105.94,0.066
105.94,0.066
105.94,0.066
105.94,0.066
105.94,0.066
105.94,0.068
105.94,0.067
105.94,0.068
105.94,0.068
105.94,0.068
105.94,0.068
105.94,0.068
105.94,0.067
105.94,0.067
105.94,0.066
105.94,0.066
105.94,0.066
105.94,0.066
105.94,0.065
105.94,0.065
105.94,0.065
105.94,0.067
105.94,0.066
105.94,0.066
105.94,0.066
106.04,0.07
106.04,0.069
106.04,0.066
106.04,0.066
106.04,0.066
106.04,0.066
106.04,0.066
106.04,0.066
106.04,0.066
106.04,0.066
106.04,0.066
106.04,0.066
106.04,0.066
106.04,0.066
106.04,0.064
106.04,0.064
106.04,0.064
106.04,0.064
106.04,0.067
106.04,0.066
106.04,0.066
106.04,0.066
106.04,0.066
106.04,0.066
106.04,0.065
106.04,0.065
106.04,0.065
106.04,0.066
106.04,0.066
106.04,0.068
106.04,0.068
106.04,0.068
106.04,0.068
106.04,0.068
106.04,0.068
106.04,0.068
106.04,0.067
106.04,0.065
106.04,0.065
106.04,0.066
106.04,0.066
106.14,0.068
106.14,0.068
106.14,0.066
106.14,0.066
106.14,0.066
106.14,0.066
106.14,0.066
106.14,0.066
106.14,0.066
106.14,0.065
106.14,0.065
106.14,0.065
106.14,0.065
106.14,0.065
106.14,0.066
106.14,0.066
106.14,0.066
106.14,0.066
106.14,0.066
106.14,0.066
106.14,0.066
106.14,0.066
106.14,0.067
106.14,0.067
106.14,0.066
106.14,0.066
106.14,0.066
106.14,0.064
106.14,0.064
106.14,0.064
106.14,0.064
106.14,0.064
106.14,0.064
106.14,0.067
106.14,0.067
106.14,0.066
106.14,0.066
106.14,0.066
106.14,0.066
106.14,0.066
106.14,0.066
106.14,0.068
106.14,0.068
106.14,0.068
106.14,0.068
106.14,0.068
106.14,0.068
106.14,0.068
106.14,0.068
106.23,0.067
106.23,0.067
106.23,0.066
106.23,0.066
106.23,0.066
106.23,0.067
106.23,0.068
106.23,0.067
106.23,0.068
106.23,0.068
106.23,0.068
106.23,0.068
106.23,0.068
106.23,0.069
106.23,0.068
106.23,0.068
106.23,0.068
106.23,0.068
106.23,0.068
106.23,0.068
106.23,0.068
106.23,0.069
106.23,0.067
106.23,0.067
106.23,0.067
106.23,0.067
106.23,0.067
106.23,0.067
106.23,0.066
106.23,0.066
106.23,0.066
106.23,0.066
106.23,0.065
106.23,0.065
106.23,0.066
106.23,0.066
106.23,0.065
106.23,0.065
106.23,0.066
106.23,0.066
106.23,0.066
106.23,0.067
106.23,0.067
106.23,0.067
106.23,0.066
106.23,0.066
106.23,0.066
106.23,0.066
106.23,0.066
106.23,0.066
106.23,0.066
106.23,0.065
106.23,0.066
106.23,0.066
106.23,0.066
106.23,0.066
106.23,0.066
106.23,0.064
106.23,0.064
106.23,0.064
106.23,0.066
106.23,0.068
106.23,0.068
106.33,0.069
106.33,0.07
106.33,0.066
106.33,0.066
106.33,0.066
106.33,0.067
106.33,0.067
106.33,0.067
106.33,0.067
106.33,0.067
106.33,0.068
106.33,0.069
106.33,0.069
106.33,0.068
106.33,0.069
106.33,0.069
106.33,0.068
106.33,0.07
106.33,0.07
106.33,0.07
106.33,0.07
106.33,0.07
106.33,0.07
106.33,0.07
106.33,0.07
106.33,0.069
106.33,0.067
106.33,0.067
106.33,0.067
106.33,0.067
106.33,0.067
106.33,0.067
106.33,0.066
106.33,0.066
106.33,0.065
106.33,0.065
106.33,0.065
106.33,0.065
106.33,0.066
106.33,0.065
106.33,0.066
106.33,0.066
106.33,0.066
106.33,0.066
106.43,0.07
106.43,0.069
106.43,0.07
106.43,0.069
106.43,0.07
106.43,0.07
106.43,0.07
106.43,0.067
106.43,0.067
106.43,0.066
106.43,0.066
106.43,0.066
106.43,0.066
106.43,0.066
106.43,0.067
106.43,0.067
106.43,0.067
106.43,0.067
106.43,0.067
106.43,0.068
106.43,0.067
106.43,0.067
106.43,0.068
106.43,0.068
106.43,0.068
106.43,0.068
106.43,0.068
106.43,0.07
106.43,0.07
106.43,0.07
106.43,0.067
106.43,0.067
106.43,0.067
106.43,0.066
106.43,0.066
106.43,0.066
106.43,0.065
106.53,0.069
106.53,0.068
106.53,0.069
106.53,0.069
106.53,0.069
106.53,0.069
106.53,0.069
106.53,0.069
106.53,0.07
106.53,0.069
106.53,0.07
106.53,0.068
106.53,0.066
106.53,0.067
106.53,0.066
106.53,0.066
106.53,0.066
106.53,0.067
106.53,0.068
106.53,0.067
106.53,0.068
106.53,0.068
106.53,0.068
106.53,0.068
106.53,0.068
106.53,0.07
106.53,0.07
106.53,0.07
106.53,0.07
106.53,0.067
106.53,0.067
106.53,0.067
106.53,0.066
106.53,0.066
106.62,0.07
106.62,0.07
106.62,0.07
106.62,0.07
106.62,0.07
106.62,0.07
106.62,0.07
106.62,0.07
106.62,0.07
106.62,0.069
106.62,0.07
106.62,0.07
106.62,0.069
106.62,0.069
106.62,0.069
106.62,0.069
106.62,0.068
106.62,0.068
106.62,0.069
106.62,0.069
106.62,0.069
106.62,0.069
106.62,0.069
106.62,0.069
106.62,0.069
106.62,0.069
106.62,0.069
106.62,0.069
106.62,0.069
106.62,0.07
106.62,0.068
106.62,0.068
106.62,0.068
106.62,0.068
106.62,0.068
106.62,0.067
106.62,0.066
106.62,0.066
106.62,0.066
106.62,0.066
106.62,0.066
106.62,0.066
106.62,0.067
106.62,0.067
106.62,0.067
106.62,0.067
106.62,0.07
106.62,0.067
106.72,0.066
106.72,0.066
106.72,0.068
106.72,0.07
106.72,0.07
106.72,0.07
106.72,0.07
106.72,0.07
106.72,0.07
106.72,0.07
106.72,0.07
106.72,0.07
106.72,0.07
106.72,0.069
106.72,0.069
106.72,0.069
106.72,0.069
106.72,0.068
106.72,0.069
106.72,0.069
106.72,0.069
106.72,0.069
106.72,0.069
106.72,0.069
106.72,0.069
106.72,0.069
106.72,0.069
106.72,0.068
106.72,0.069
106.72,0.068
106.72,0.07
106.72,0.07
106.72,0.07
106.72,0.07
106.72,0.07
106.72,0.069
106.72,0.068
106.72,0.068
106.72,0.068
106.72,0.067
106.72,0.066
106.72,0.067
106.72,0.068
106.82,0.065
106.82,0.065
106.82,0.065
106.82,0.066
106.82,0.066
106.82,0.067
106.82,0.066
106.82,0.066
106.82,0.068
106.82,0.069
106.82,0.069
106.82,0.069
106.82,0.069
106.82,0.069
106.82,0.07
106.82,0.07
106.82,0.07
106.82,0.07
106.82,0.07
106.82,0.07
106.82,0.07
106.82,0.07
106.82,0.07
106.82,0.07
106.82,0.069
106.82,0.07
106.82,0.07
106.82,0.069
106.82,0.069
106.82,0.069
106.82,0.069
106.82,0.069
106.82,0.069
106.82,0.069
106.82,0.069
106.82,0.069
106.82,0.069
106.82,0.07
106.82,0.07
106.82,0.07
106.82,0.07
106.82,0.068
106.82,0.068
106.82,0.067
106.82,0.068
106.91,0.067
106.91,0.065
106.91,0.067
106.91,0.066
106.91,0.067
106.91,0.066
106.91,0.065
106.91,0.066
106.91,0.066
106.91,0.066
106.91,0.067
106.91,0.066
106.91,0.066
106.91,0.066
106.91,0.068
106.91,0.069
106.91,0.069
106.91,0.069
106.91,0.07
106.91,0.069
106.91,0.068
106.91,0.069
106.91,0.069
106.91,0.069
106.91,0.068
106.91,0.07
106.91,0.07
106.91,0.07
106.91,0.07
106.91,0.07
106.91,0.069
106.91,0.069
106.91,0.068
107.01,0.067
107.01,0.067
107.01,0.067
107.01,0.067
107.01,0.067
107.01,0.067
107.01,0.067
107.01,0.067
107.01,0.065
107.01,0.065
107.01,0.065
107.01,0.066
107.01,0.066
107.01,0.066
107.01,0.067
107.01,0.065
107.01,0.066
107.01,0.066
107.01,0.065
107.01,0.066
107.01,0.066
107.01,0.067
107.01,0.066
107.01,0.066
107.01,0.066
107.01,0.066
107.01,0.066
107.01,0.066
107.01,0.066
107.01,0.068
107.01,0.067
107.01,0.068
107.01,0.068
107.01,0.067
107.01,0.068
107.01,0.07
107.01,0.07
107.01,0.07
107.01,0.069
107.01,0.068
107.11,0.065
107.11,0.066
107.11,0.068
107.11,0.068
107.11,0.068
107.11,0.068
107.11,0.067
107.11,0.067
107.11,0.067
107.11,0.068
107.11,0.068
107.11,0.068
107.11,0.068
107.11,0.068
107.11,0.067
107.11,0.067
107.11,0.067
107.11,0.067
107.11,0.067
107.11,0.067
107.11,0.067
107.11,0.067
107.11,0.067
107.11,0.065
107.11,0.067
107.11,0.065
107.11,0.065
107.11,0.066
107.11,0.066
107.11,0.066
107.11,0.066
107.11,0.067
107.11,0.067
107.11,0.067
107.11,0.067
107.11,0.068
107.11,0.068
107.2,0.066
107.2,0.065
107.2,0.066
107.2,0.066
107.2,0.068
107.2,0.067
107.2,0.068
107.2,0.067
107.2,0.068
107.2,0.068
107.2,0.068
107.2,0.068
107.2,0.067
107.2,0.067
107.2,0.067
107.2,0.067
107.2,0.067
107.2,0.067
107.2,0.067
107.2,0.067
107.2,0.067
107.2,0.067
107.2,0.065
107.2,0.065
107.2,0.065
107.2,0.066
107.2,0.065
107.3,0.068
107.3,0.068
107.3,0.068
107.3,0.068
107.3,0.066
107.3,0.065
107.3,0.066
107.3,0.065
107.3,0.065
107.3,0.066
107.3,0.065
107.3,0.066
107.3,0.065
107.3,0.065
107.3,0.065
107.3,0.066
107.3,0.067
107.3,0.067
107.3,0.067
107.3,0.068
107.3,0.067
107.3,0.068
107.3,0.067
107.3,0.067
107.3,0.067
107.3,0.068
107.3,0.068
107.3,0.068
107.3,0.068
107.3,0.068
107.3,0.067
107.3,0.066
107.3,0.067
107.3,0.066
107.3,0.066
107.3,0.067
107.3,0.067
107.3,0.067
107.3,0.067
107.3,0.067
107.3,0.067
107.3,0.067
107.3,0.067
107.3,0.067
107.3,0.067
107.3,0.067
107.3,0.067
107.4,0.07
107.4,0.066
107.4,0.068
107.4,0.068
107.4,0.068
107.4,0.068
107.4,0.068
107.4,0.068
107.4,0.065
107.4,0.065
107.4,0.065
107.4,0.066
107.4,0.066
107.4,0.066
107.4,0.065
107.4,0.065
107.4,0.065
107.4,0.065
107.4,0.066
107.4,0.066
107.4,0.065
107.4,0.065
107.4,0.067
107.4,0.068
107.4,0.067
107.4,0.067
107.4,0.068
107.4,0.068
107.4,0.068
107.4,0.068
107.4,0.067
107.4,0.067
107.4,0.067
107.4,0.067
107.4,0.067
107.5,0.069
107.5,0.069
107.5,0.066
107.5,0.067
107.5,0.068
107.5,0.068
107.5,0.068
107.5,0.068
107.5,0.068
107.5,0.068
107.5,0.068
107.5,0.068
107.5,0.068
107.5,0.068
107.5,0.067
107.5,0.068
107.5,0.068
107.5,0.068
107.5,0.065
107.5,0.066
107.5,0.065
107.5,0.067
107.5,0.067
107.5,0.066
107.5,0.067
107.5,0.067
107.5,0.067
107.5,0.067
107.5,0.066
107.5,0.065
107.5,0.066
107.5,0.067
107.5,0.067
107.5,0.067
107.5,0.067
107.5,0.067
107.5,0.067
107.5,0.067
107.5,0.066
107.59,0.07
107.59,0.069
107.59,0.068
107.59,0.069
107.59,0.068
107.59,0.068
107.59,0.068
107.59,0.068
107.59,0.068
107.59,0.065
107.59,0.067
107.59,0.067
107.59,0.066
107.59,0.067
107.59,0.068
107.59,0.068
107.59,0.068
107.59,0.065
107.59,0.065
107.59,0.066
107.59,0.066
107.69,0.069
107.69,0.069
107.69,0.069
107.69,0.069
107.69,0.07
107.69,0.07
107.69,0.07
107.69,0.069
107.69,0.069
107.69,0.069
107.69,0.069
107.69,0.068
107.69,0.069
107.69,0.069
107.69,0.069
107.69,0.069
107.69,0.068
107.69,0.068
107.69,0.068
107.69,0.068
107.69,0.065
107.69,0.066
107.69,0.066
107.69,0.066
107.69,0.066
107.69,0.066
107.69,0.066
107.69,0.066
107.69,0.067
107.69,0.067
107.69,0.066
107.69,0.067
107.69,0.066
107.69,0.067
107.69,0.067
107.69,0.067
107.69,0.067
107.69,0.067
107.69,0.068
107.69,0.068
107.78,0.067
107.78,0.069
107.78,0.069
107.78,0.069
107.78,0.069
107.78,0.069
107.78,0.069
107.78,0.069
107.78,0.069
107.78,0.069
107.78,0.069
107.78,0.069
107.78,0.069
107.78,0.069
107.78,0.07
107.78,0.07
107.78,0.07
107.78,0.069
107.78,0.069
107.78,0.069
107.78,0.069
107.78,0.068
107.78,0.068
107.78,0.069
107.78,0.068
107.78,0.068
107.78,0.068
107.78,0.065
107.78,0.065
107.78,0.065
107.78,0.065
107.78,0.065
107.78,0.066
107.78,0.066
107.78,0.066
107.78,0.065
107.78,0.065
107.78,0.065
107.78,0.065
107.78,0.065
107.78,0.065
107.78,0.065
107.78,0.066
107.78,0.066
107.78,0.066
107.78,0.066
107.78,0.066
107.78,0.067
107.78,0.067
107.78,0.066
107.78,0.067
107.78,0.067
107.78,0.067
107.88,0.069
107.88,0.069
107.88,0.069
107.88,0.069
107.88,0.069
107.88,0.069
107.88,0.069
107.88,0.069
107.88,0.069
107.88,0.069
107.88,0.069
107.88,0.069
107.88,0.07
107.88,0.07
107.88,0.069
107.88,0.069
107.88,0.069
107.88,0.069
107.88,0.069
107.88,0.068
107.88,0.068
107.88,0.068
107.88,0.067
107.88,0.068
107.88,0.065
107.88,0.065
107.88,0.065
107.88,0.065
107.88,0.066
107.88,0.066
107.88,0.065
107.88,0.065
107.88,0.066
107.98,0.067
107.98,0.068
107.98,0.067
107.98,0.069
107.98,0.069
107.98,0.069
107.98,0.069
107.98,0.069
107.98,0.069
107.98,0.069
107.98,0.069
107.98,0.069
107.98,0.069
107.98,0.069
107.98,0.069
107.98,0.069
107.98,0.068
107.98,0.068
107.98,0.065
108.07,0.067
108.07,0.067
108.07,0.066
108.07,0.068
108.07,0.068
108.07,0.068
108.07,0.068
108.07,0.068
108.07,0.068
108.07,0.068
108.07,0.068
108.07,0.068
108.07,0.067
108.07,0.068
108.07,0.067
108.07,0.067
108.07,0.067
108.07,0.067
108.07,0.068
108.07,0.069
108.07,0.069
108.07,0.069
108.07,0.069
108.07,0.069
108.07,0.069
108.07,0.069
108.07,0.069
108.07,0.069
108.07,0.069
108.07,0.068
108.07,0.068
108.17,0.068
108.17,0.067
108.17,0.067
108.17,0.067
108.17,0.068
108.17,0.067
108.17,0.067
108.17,0.068
108.17,0.066
108.17,0.066
108.17,0.067
108.17,0.067
108.17,0.067
108.17,0.067
108.17,0.067
108.17,0.067
108.17,0.067
108.17,0.067
108.17,0.066
108.17,0.066
108.17,0.066
108.17,0.067
108.17,0.066
108.17,0.068
108.17,0.068
108.17,0.068
108.17,0.068
108.17,0.068
108.17,0.068
108.17,0.068
108.17,0.068
108.17,0.067
108.17,0.068
108.17,0.068
108.17,0.067
108.17,0.067
108.17,0.068
108.17,0.068
108.17,0.068
108.17,0.068
108.17,0.068
108.17,0.068
108.17,0.068
108.17,0.068
108.17,0.068
108.17,0.067
108.17,0.067
108.27,0.066
108.27,0.066
108.27,0.066
108.27,0.066
108.27,0.066
108.27,0.066
108.27,0.067
108.27,0.068
108.27,0.067
108.27,0.067
108.27,0.066
108.27,0.067
108.27,0.067
108.27,0.067
108.27,0.066
108.27,0.066
108.27,0.066
108.27,0.066
108.27,0.066
108.27,0.067
108.27,0.067
108.27,0.067
108.27,0.067
108.27,0.067
108.27,0.067
108.27,0.067
108.27,0.067
108.27,0.067
108.27,0.067
108.27,0.066
108.27,0.066
108.27,0.067
108.27,0.066
108.27,0.068
108.27,0.068
108.36,0.067
108.36,0.066
108.36,0.066
108.36,0.066
108.36,0.066
108.36,0.066
108.36,0.066
108.36,0.066
108.36,0.066
108.36,0.066
108.36,0.067
108.36,0.067
108.36,0.067
108.36,0.067
108.36,0.067
108.36,0.067
108.36,0.067
108.36,0.067
108.36,0.067
108.36,0.067
108.36,0.066
108.36,0.066
108.36,0.067
108.36,0.067
108.36,0.067
108.36,0.067
108.36,0.067
108.36,0.068
108.36,0.066
108.36,0.066
108.36,0.067
108.36,0.067
108.36,0.067
108.36,0.067
108.36,0.067
108.36,0.067
108.36,0.067
108.36,0.066
108.36,0.068
108.36,0.068
108.36,0.068
108.46,0.068
108.46,0.068
108.46,0.068
108.46,0.068
108.46,0.067
108.46,0.067
108.46,0.066
108.46,0.066
108.46,0.066
108.46,0.066
108.46,0.066
108.46,0.066
108.46,0.067
108.46,0.067
108.46,0.067
108.46,0.067
108.46,0.067
108.46,0.067
108.46,0.067
108.46,0.067
108.46,0.067
108.46,0.068
108.46,0.068
108.46,0.068
108.46,0.068
108.46,0.068
108.46,0.067
108.46,0.067
108.46,0.066
108.46,0.066
108.46,0.066
108.46,0.066
108.46,0.067
108.46,0.067
108.46,0.067
108.46,0.067
108.46,0.067
108.46,0.068
108.46,0.068
108.55,0.07
108.55,0.067
108.55,0.067
108.55,0.067
108.55,0.067
108.55,0.068
108.55,0.067
108.55,0.067
108.55,0.068
108.55,0.067
108.55,0.067
108.55,0.067
108.55,0.067
108.55,0.067
108.55,0.067
108.55,0.067
108.55,0.066
108.55,0.066
108.55,0.066
108.55,0.066
108.55,0.066
108.55,0.066
108.55,0.067
108.55,0.067
108.55,0.067
108.55,0.067
108.55,0.067
108.55,0.067
108.55,0.067
108.55,0.067
108.55,0.068
108.55,0.068
108.55,0.066
108.55,0.066
108.55,0.067
108.55,0.067
108.55,0.067
108.65,0.068
108.65,0.068
108.65,0.068
108.65,0.069
108.65,0.069
108.65,0.067
108.65,0.067
108.65,0.067
108.65,0.067
108.65,0.067
108.65,0.067
108.65,0.067
108.65,0.067
108.65,0.067
108.65,0.067
108.65,0.067
108.65,0.067
108.65,0.067
108.65,0.067
108.65,0.066
108.65,0.066
108.65,0.066
108.65,0.066
108.65,0.066
108.65,0.066
108.65,0.067
108.65,0.067
108.65,0.067
108.65,0.067
108.65,0.067
108.65,0.067
108.65,0.066
108.65,0.067
108.75,0.069
108.75,0.069
108.75,0.068
108.75,0.068
108.75,0.069
108.75,0.07
108.75,0.067
108.75,0.067
108.75,0.067
108.75,0.067
108.75,0.067
108.75,0.067
108.75,0.067
108.75,0.067
108.75,0.067
108.75,0.067
108.75,0.067
108.75,0.066
108.75,0.066
108.75,0.066
108.75,0.066
108.84,0.069
108.84,0.069
108.84,0.068
108.84,0.069
108.84,0.069
108.84,0.069
108.84,0.069
108.84,0.069
108.84,0.069
108.84,0.069
108.84,0.069
108.84,0.069
108.84,0.07
108.84,0.07
108.84,0.068
108.84,0.068
108.84,0.068
108.84,0.068
108.84,0.069
108.84,0.069
108.84,0.067
108.84,0.067
108.84,0.067
108.84,0.067
108.84,0.067
108.84,0.067
108.84,0.067
108.84,0.066
108.84,0.066
108.84,0.066
108.84,0.067
108.94,0.066
108.94,0.066
108.94,0.068
108.94,0.068
108.94,0.068
108.94,0.068
108.94,0.07
108.94,0.07
108.94,0.07
108.94,0.069
108.94,0.068
108.94,0.069
108.94,0.069
108.94,0.068
108.94,0.068
108.94,0.068
108.94,0.068
108.94,0.068
108.94,0.069
108.94,0.069
108.94,0.069
108.94,0.069
108.94,0.069
108.94,0.07
108.94,0.07
108.94,0.07
108.94,0.07
108.94,0.07
108.94,0.07
108.94,0.068
108.94,0.069
108.94,0.069
108.94,0.067
108.94,0.067
108.94,0.067
108.94,0.067
108.94,0.067
108.94,0.067
109.03,0.067
109.03,0.067
109.03,0.066
109.03,0.066
109.03,0.066
109.03,0.066
109.03,0.065
109.03,0.066
109.03,0.066
109.03,0.066
109.03,0.066
109.03,0.066
109.03,0.066
109.03,0.066
109.03,0.066
109.03,0.068
109.03,0.068
109.03,0.068
109.03,0.07
109.03,0.07
109.03,0.07
109.03,0.07
109.03,0.07
109.03,0.07
109.03,0.07
109.03,0.07
109.03,0.07
109.03,0.07
109.03,0.07
109.03,0.07
109.03,0.07
109.03,0.07
109.03,0.069
109.03,0.068
109.03,0.068
109.03,0.068
109.03,0.068
109.03,0.068
109.03,0.068
109.03,0.068
109.03,0.068
109.03,0.068
109.03,0.068
109.03,0.069
109.03,0.069
109.03,0.069
109.03,0.07
109.03,0.07
109.03,0.067
109.13,0.067
109.13,0.067
109.13,0.066
109.13,0.066
109.13,0.067
109.13,0.066
109.13,0.065
109.13,0.065
109.13,0.066
109.13,0.066
109.13,0.065
109.13,0.066
109.13,0.068
109.13,0.068
109.13,0.068
109.13,0.07
109.13,0.07
109.13,0.069
109.13,0.07
109.13,0.069
109.13,0.068
109.13,0.068
109.13,0.068
109.13,0.068
109.13,0.068
109.13,0.068
109.13,0.068
109.13,0.068
109.13,0.068
109.13,0.068
109.13,0.068
109.13,0.068
109.13,0.068
109.13,0.068
109.13,0.068
109.13,0.068
109.22,0.067
109.22,0.066
109.22,0.067
109.22,0.067
109.22,0.067
109.22,0.067
109.22,0.067
109.22,0.066
109.22,0.067
109.22,0.067
109.22,0.066
109.22,0.066
109.22,0.066
109.22,0.066
109.22,0.066
109.22,0.065
109.22,0.065
109.22,0.065
109.22,0.066
109.22,0.066
109.22,0.066
109.22,0.066
109.22,0.07
109.22,0.07
109.22,0.07
109.22,0.07
109.22,0.07
109.22,0.069
109.22,0.07
109.22,0.07
109.22,0.069
109.22,0.068
109.22,0.068
109.22,0.068
109.22,0.068
109.22,0.068
109.22,0.068
109.22,0.069
109.32,0.068
109.32,0.068
109.32,0.068
109.32,0.068
109.32,0.068
109.32,0.068
109.32,0.066
109.32,0.067
109.32,0.067
109.32,0.067
109.32,0.067
109.32,0.067
109.32,0.067
109.32,0.067
109.32,0.067
109.32,0.067
109.32,0.067
109.32,0.067
109.32,0.067
109.32,0.066
109.32,0.066
109.32,0.066
109.32,0.066
109.32,0.066
109.32,0.067
109.32,0.066
109.32,0.066
109.32,0.066
109.32,0.066
109.32,0.067
109.32,0.067
109.32,0.067
109.32,0.066
109.32,0.067
109.32,0.066
109.32,0.066
109.32,0.066
109.32,0.066
109.32,0.065
109.32,0.065
109.32,0.066
109.32,0.066
109.32,0.07
109.32,0.068
109.42,0.069
109.42,0.068
109.42,0.068
109.42,0.068
109.42,0.068
109.42,0.068
109.42,0.068
109.42,0.068
109.42,0.068
109.42,0.068
109.42,0.068
109.42,0.066
109.42,0.067
109.42,0.066
109.42,0.067
109.42,0.067
109.42,0.067
109.42,0.066
109.42,0.066
109.42,0.066
109.42,0.066
109.42,0.067
109.42,0.067
109.42,0.066
109.42,0.066
109.42,0.066
109.42,0.066
109.42,0.065
109.42,0.068
109.42,0.068
109.51,0.068
109.51,0.067
109.51,0.068
109.51,0.068
109.51,0.068
109.51,0.068
109.51,0.068
109.51,0.067
109.51,0.066
109.51,0.067
109.51,0.065
109.61,0.066
109.61,0.066
109.61,0.068
109.61,0.067
109.61,0.068
109.61,0.068
109.61,0.068
109.61,0.068
109.61,0.068
109.61,0.069
109.61,0.068
109.61,0.068
109.61,0.067
109.61,0.069
109.61,0.069
109.61,0.069
109.61,0.069
109.61,0.067
109.61,0.068
109.61,0.068
109.61,0.068
109.61,0.068
109.61,0.068
109.61,0.068
109.61,0.068
109.61,0.068
109.61,0.068
109.61,0.068
109.61,0.066
109.7,0.067
109.7,0.066
109.7,0.066
109.7,0.067
109.7,0.068
109.7,0.067
109.7,0.068
109.7,0.069
109.7,0.069
109.7,0.068
109.7,0.068
109.7,0.068
109.7,0.068
109.7,0.067
109.7,0.067
109.7,0.068
109.7,0.068
109.7,0.068
109.7,0.068
109.7,0.068
109.7,0.067
109.7,0.067
109.7,0.067
109.7,0.067
109.7,0.067
109.7,0.067
109.7,0.068
109.7,0.068
109.7,0.068
109.7,0.068
109.7,0.068
109.7,0.069
109.7,0.067
109.7,0.068
109.7,0.067
109.7,0.067
109.7,0.069
109.7,0.069
109.7,0.069
109.7,0.069
109.7,0.067
109.7,0.067
109.7,0.068
109.7,0.068
109.7,0.068
109.7,0.068
109.7,0.068
109.7,0.068
109.7,0.068
109.8,0.066
109.8,0.066
109.8,0.068
109.8,0.068
109.8,0.067
109.8,0.069
109.8,0.068
109.8,0.068
109.8,0.068
109.8,0.068
109.8,0.068
109.8,0.067
109.8,0.067
109.8,0.067
109.8,0.067
109.8,0.067
109.8,0.068
109.8,0.068
109.8,0.067
109.8,0.068
109.8,0.068
109.8,0.068
109.8,0.068
109.8,0.068
109.8,0.068
109.8,0.067
109.89,0.067
109.89,0.067
109.89,0.067
109.89,0.067
109.89,0.067
109.89,0.067
109.89,0.066
109.89,0.066
109.89,0.068
109.89,0.067
109.89,0.069
109.89,0.069
109.89,0.069
109.89,0.068
109.89,0.068
109.89,0.068
109.89,0.068
109.89,0.068
109.89,0.068
109.89,0.068
109.89,0.068
109.89,0.067
109.89,0.067
109.89,0.067
109.89,0.067
109.89,0.068
109.89,0.067
109.89,0.067
109.89,0.068
109.89,0.068
109.99,0.068
109.99,0.068
109.99,0.069
109.99,0.069
109.99,0.069
109.99,0.069
109.99,0.069
109.99,0.069
109.99,0.069
109.99,0.067
109.99,0.067
109.99,0.067
109.99,0.067
109.99,0.067
109.99,0.067
109.99,0.067
109.99,0.067
109.99,0.067
109.99,0.066
109.99,0.066
109.99,0.067
109.99,0.069
109.99,0.069
109.99,0.069
109.99,0.069
109.99,0.068
109.99,0.068
109.99,0.068
110.08,0.069
110.08,0.07
110.08,0.068
110.08,0.068
110.08,0.069
110.08,0.068
110.08,0.068
110.08,0.068
110.08,0.068
110.08,0.068
110.08,0.068
110.08,0.069
110.08,0.069
110.08,0.07
110.08,0.069
110.08,0.069
110.08,0.069
110.08,0.069
110.08,0.069
110.08,0.069
110.08,0.069
110.08,0.067
110.08,0.067
110.08,0.067
110.08,0.067
110.08,0.067
110.08,0.067
110.08,0.067
110.08,0.067
110.08,0.067
110.08,0.068
110.18,0.069
110.18,0.068
110.18,0.068
110.18,0.068
110.18,0.068
110.18,0.068
110.18,0.068
110.18,0.069
110.18,0.068
110.18,0.068
110.18,0.069
110.18,0.069
110.18,0.069
110.18,0.069
110.18,0.068
110.18,0.069
110.18,0.069
110.18,0.067
110.18,0.067
110.18,0.067
110.27,0.067
110.27,0.068
110.27,0.07
110.27,0.069
110.27,0.068
110.27,0.068
110.27,0.068
110.27,0.068
110.27,0.069
110.27,0.068
110.27,0.068
110.27,0.069
110.27,0.069
110.27,0.067
110.27,0.067
110.37,0.067
110.37,0.067
110.37,0.067
110.37,0.067
110.37,0.067
110.37,0.068
110.37,0.067
110.37,0.067
110.37,0.067
110.37,0.067
110.37,0.067
110.37,0.067
110.37,0.069
110.37,0.069
110.37,0.069
110.37,0.069
110.37,0.069
110.37,0.069
110.37,0.069
110.37,0.068
110.37,0.068
110.37,0.068
110.37,0.069
110.37,0.069
110.46,0.069
110.46,0.068
110.46,0.067
110.46,0.067
110.46,0.067
110.46,0.067
110.46,0.067
110.46,0.067
110.46,0.068
110.46,0.068
110.46,0.068
110.46,0.067
110.46,0.067
110.46,0.068
110.46,0.068
110.46,0.068
110.46,0.068
110.46,0.068
110.46,0.068
110.46,0.07
110.46,0.069
110.46,0.069
110.46,0.069
110.46,0.069
110.46,0.069
110.46,0.069
110.56,0.068
110.56,0.067
110.56,0.067
110.56,0.065
110.56,0.065
110.56,0.065
110.56,0.065
110.56,0.066
110.56,0.066
110.56,0.066
110.56,0.066
110.56,0.066
110.56,0.066
110.56,0.067
110.56,0.066
110.56,0.067
110.56,0.066
110.56,0.068
110.56,0.068
110.56,0.068
110.56,0.068
110.56,0.068
110.56,0.068
110.56,0.069
110.56,0.069
110.65,0.069
110.65,0.069
110.65,0.069
110.65,0.068
110.65,0.067
110.65,0.067
110.65,0.066
110.65,0.066
110.65,0.066
110.65,0.066
110.65,0.066
110.65,0.065
110.65,0.066
110.65,0.066
110.65,0.066
110.65,0.068
110.65,0.068
110.65,0.068
110.65,0.068
110.75,0.068
110.75,0.068
110.75,0.068
110.75,0.068
110.75,0.068
110.75,0.068
110.75,0.069
110.75,0.069
110.75,0.069
110.75,0.069
110.75,0.069
110.75,0.069
110.75,0.068
110.75,0.068
110.75,0.068
110.75,0.067
110.75,0.067
110.75,0.067
110.75,0.067
110.75,0.067
110.75,0.067
110.75,0.067
110.75,0.067
110.75,0.066
110.75,0.066
110.75,0.066
110.75,0.066
110.75,0.065
110.75,0.065
110.75,0.065
110.75,0.065
110.75,0.066
110.75,0.066
110.75,0.066
110.75,0.066
110.75,0.066
110.75,0.067
110.75,0.066
110.75,0.069
110.84,0.068
110.84,0.068
110.84,0.068
110.84,0.066
110.84,0.066
110.84,0.068
110.84,0.068
110.84,0.068
110.84,0.068
110.84,0.068
110.84,0.068
110.84,0.068
110.84,0.067
110.84,0.068
110.84,0.067
110.84,0.067
110.84,0.067
110.84,0.066
110.84,0.066
110.94,0.069
110.94,0.069
110.94,0.067
110.94,0.067
110.94,0.068
110.94,0.068
110.94,0.068
110.94,0.068
110.94,0.068
110.94,0.066
110.94,0.066
110.94,0.066
110.94,0.066
110.94,0.067
110.94,0.066
110.94,0.068
110.94,0.068
110.94,0.068
110.94,0.068
110.94,0.068
110.94,0.068
110.94,0.068
110.94,0.068
110.94,0.067
110.94,0.068
111.03,0.068
111.03,0.068
111.03,0.069
111.03,0.069
111.03,0.067
111.03,0.067
111.03,0.068
111.03,0.068
111.03,0.066
111.03,0.066
111.03,0.066
111.03,0.066
111.03,0.066
111.03,0.068
111.03,0.068
111.12,0.068
111.12,0.068
111.12,0.068
111.12,0.068
111.12,0.068
111.12,0.068
111.12,0.068
111.12,0.069
111.12,0.069
111.12,0.069
111.12,0.067
111.12,0.067
111.12,0.067
111.12,0.067
111.12,0.066
111.12,0.066
111.12,0.066
111.12,0.066
111.12,0.066
111.12,0.067
111.12,0.068
111.12,0.068
111.22,0.065
111.22,0.065
111.22,0.066
111.22,0.066
111.22,0.068
111.22,0.068
111.22,0.069
111.22,0.069
111.22,0.069
111.22,0.069
111.22,0.068
111.22,0.068
111.22,0.068
111.22,0.068
111.22,0.069
111.22,0.069
111.22,0.069
111.22,0.069
111.22,0.068
111.22,0.069
111.22,0.069
111.22,0.069
111.22,0.067
111.22,0.067
111.31,0.064
111.31,0.064
111.31,0.065
111.31,0.065
111.31,0.065
111.31,0.066
111.31,0.066
111.31,0.066
111.31,0.066
111.31,0.066
111.31,0.068
111.31,0.068
111.31,0.068
111.31,0.068
111.31,0.069
111.31,0.068
111.31,0.068
111.31,0.069
111.31,0.069
111.31,0.068
111.31,0.068
111.31,0.068
111.31,0.068
111.31,0.069
111.31,0.068
111.31,0.068
111.31,0.066
111.41,0.064
111.41,0.064
111.41,0.064
111.41,0.064
111.41,0.065
111.41,0.065
111.41,0.066
111.41,0.066
111.41,0.066
111.41,0.066
111.41,0.066
111.41,0.066
111.41,0.066
111.41,0.067
111.41,0.067
111.41,0.067
111.41,0.068
111.41,0.068
111.41,0.068
111.41,0.068
111.41,0.069
111.41,0.069
111.41,0.068
111.41,0.068
111.41,0.069
111.41,0.069
111.5,0.067
111.5,0.066
111.5,0.066
111.5,0.066
111.5,0.066
111.5,0.066
111.5,0.066
111.5,0.066
111.5,0.065
111.5,0.065
111.5,0.065
111.5,0.064
111.5,0.065
111.5,0.064
111.5,0.064
111.5,0.064
111.5,0.064
111.5,0.064
111.5,0.064
111.5,0.064
111.5,0.064
111.5,0.065
111.5,0.064
111.5,0.066
111.5,0.066
111.5,0.066
111.5,0.066
111.5,0.066
111.5,0.066
111.5,0.068
111.5,0.068
111.5,0.069
111.5,0.069
111.5,0.068
111.59,0.067
111.59,0.067
111.59,0.068
111.59,0.068
111.59,0.067
111.59,0.067
111.59,0.067
111.59,0.067
111.59,0.066
111.59,0.066
111.59,0.066
111.59,0.066
111.59,0.066
111.59,0.066
111.59,0.066
111.59,0.065
111.59,0.065
111.59,0.065
111.59,0.065
111.59,0.065
111.59,0.065
111.59,0.064
111.59,0.064
111.59,0.064
111.59,0.064
111.59,0.064
111.59,0.064
111.59,0.064
111.59,0.064
111.59,0.064
111.59,0.065
111.59,0.068
111.69,0.067
111.69,0.067
111.69,0.067
111.69,0.067
111.69,0.067
111.69,0.067
111.69,0.067
111.69,0.068
111.69,0.068
111.69,0.068
111.69,0.067
111.69,0.067
111.69,0.067
111.69,0.067
111.69,0.066
111.69,0.066
111.69,0.066
111.69,0.065
111.69,0.065
111.69,0.064
111.69,0.064
111.69,0.064
111.69,0.064
111.78,0.066
111.78,0.067
111.78,0.067
111.78,0.067
111.78,0.067
111.78,0.067
111.78,0.066
111.78,0.067
111.78,0.068
111.78,0.068
111.78,0.068
111.78,0.067
111.78,0.066
111.78,0.066
111.78,0.066
111.88,0.066
111.88,0.066
111.88,0.066
111.88,0.066
111.88,0.066
111.88,0.066
111.88,0.066
111.88,0.067
111.88,0.067
111.88,0.067
111.88,0.067
111.88,0.067
111.88,0.067
111.88,0.066
111.88,0.067
111.88,0.066
111.88,0.066
111.88,0.067
111.88,0.067
111.88,0.068
111.97,0.065
111.97,0.066
111.97,0.066
111.97,0.066
111.97,0.066
111.97,0.066
111.97,0.066
111.97,0.067
111.97,0.067
111.97,0.067
111.97,0.067
111.97,0.065
111.97,0.065
111.97,0.065
111.97,0.065
111.97,0.067
111.97,0.066
111.97,0.066
111.97,0.067
111.97,0.066
111.97,0.067
111.97,0.068
111.97,0.068
111.97,0.067
111.97,0.067
111.97,0.067
111.97,0.066
111.97,0.066
111.97,0.066
111.97,0.068
112.06,0.065
112.06,0.065
112.06,0.066
112.06,0.066
112.06,0.066
112.06,0.066
112.06,0.066
112.06,0.066
112.06,0.067
112.06,0.066
112.06,0.066
112.06,0.065
112.06,0.066
112.06,0.065
112.06,0.067
112.06,0.066
112.06,0.067
112.06,0.067
112.06,0.066
112.06,0.066
112.16,0.069
112.16,0.069
112.16,0.067
112.16,0.067
112.16,0.066
112.16,0.066
112.16,0.066
112.16,0.065
112.16,0.065
112.16,0.066
112.16,0.066
112.16,0.066
112.16,0.066
112.16,0.067
112.25,0.069
112.25,0.069
112.25,0.07
112.25,0.069
112.25,0.067
112.25,0.067
112.25,0.067
112.25,0.067
112.25,0.066
112.25,0.066
112.25,0.066
112.25,0.066
112.25,0.066
112.25,0.066
112.25,0.065
112.25,0.065
112.25,0.065
112.25,0.066
112.25,0.067
112.35,0.066
112.35,0.068
112.35,0.069
112.35,0.069
112.35,0.069
112.35,0.069
112.35,0.071
112.35,0.071
112.35,0.069
112.35,0.069
112.35,0.069
112.35,0.067
112.35,0.067
112.35,0.067
112.35,0.066
112.35,0.065
112.35,0.065
112.35,0.066
112.44,0.065
112.44,0.065
112.44,0.067
112.44,0.066
112.44,0.066
112.44,0.068
112.44,0.068
112.44,0.068
112.44,0.068
112.44,0.068
112.44,0.068
112.44,0.068
112.44,0.071
112.44,0.071
112.44,0.071
112.44,0.071
112.44,0.071
112.44,0.069
112.44,0.071
112.44,0.069
112.44,0.069
112.44,0.067
112.53,0.066
112.53,0.066
112.53,0.066
112.53,0.068
112.53,0.068
112.53,0.068
112.53,0.071
112.53,0.071
112.53,0.069
112.53,0.07
112.53,0.069
112.53,0.069
112.63,0.067
112.63,0.065
112.63,0.065
112.63,0.065
112.63,0.065
112.63,0.065
112.63,0.065
112.63,0.065
112.63,0.066
112.63,0.066
112.63,0.066
112.63,0.067
112.63,0.067
112.63,0.068
112.63,0.068
112.63,0.068
112.63,0.068
112.63,0.068
112.63,0.067
112.63,0.067
112.63,0.068
112.63,0.068
112.63,0.071
112.63,0.071
112.63,0.071
112.63,0.069
112.63,0.069
112.63,0.07
112.63,0.07
112.63,0.069
112.72,0.068
112.72,0.067
112.72,0.067
112.72,0.066
112.72,0.066
112.72,0.066
112.72,0.066
112.72,0.066
112.72,0.066
112.72,0.065
112.72,0.066
112.72,0.065
112.72,0.065
112.72,0.066
112.72,0.065
112.72,0.066
112.72,0.065
112.72,0.066
112.72,0.066
112.72,0.067
112.72,0.068
112.72,0.068
112.72,0.067
112.72,0.067
112.72,0.067
112.72,0.067
112.72,0.07
112.72,0.07
112.81,0.067
112.81,0.067
112.81,0.067
112.81,0.066
112.81,0.066
112.81,0.066
112.81,0.066
112.81,0.065
112.81,0.065
112.81,0.065
112.81,0.065
112.81,0.066
112.81,0.065
112.81,0.067
112.91,0.068
112.91,0.068
112.91,0.067
112.91,0.066
112.91,0.066
112.91,0.066
112.91,0.066
112.91,0.065
112.91,0.065
112.91,0.065
112.91,0.068
113,0.067
113,0.066
113,0.066
113,0.066
113,0.068
113,0.068
113,0.069
113,0.069
113,0.069
113,0.069
113,0.069
113,0.068
113,0.068
113,0.068
113,0.068
113,0.068
113,0.068
113,0.068
113,0.067
113,0.067
113,0.067
113,0.065
113.09,0.066
113.09,0.067
113.09,0.067
113.09,0.067
113.09,0.067
113.09,0.066
113.09,0.066
113.09,0.066
113.09,0.066
113.09,0.066
113.09,0.066
113.09,0.066
113.09,0.066
113.09,0.066
113.09,0.066
113.09,0.066
113.09,0.066
113.09,0.069
113.09,0.068
113.09,0.068
113.09,0.068
113.09,0.069
113.09,0.069
113.09,0.068
113.09,0.067
113.09,0.067
113.09,0.067
113.09,0.067
113.09,0.067
113.09,0.067
113.09,0.067
113.09,0.066
113.09,0.066
113.09,0.066
113.19,0.066
113.19,0.067
113.19,0.066
113.19,0.066
113.19,0.066
113.19,0.067
113.19,0.066
113.19,0.066
113.19,0.066
113.19,0.066
113.19,0.069
113.19,0.069
113.19,0.069
113.19,0.069
113.19,0.069
113.19,0.068
113.19,0.069
113.19,0.069
113.19,0.068
113.19,0.067
113.19,0.067
113.19,0.066
113.19,0.066
113.28,0.066
113.28,0.065
113.28,0.066
113.28,0.067
113.28,0.067
113.28,0.066
113.28,0.066
113.28,0.066
113.28,0.067
113.28,0.067
113.28,0.069
113.28,0.069
113.28,0.068
113.28,0.068
113.28,0.069
113.28,0.067
113.28,0.066
113.37,0.066
113.37,0.066
113.37,0.066
113.37,0.066
113.37,0.066
113.37,0.067
113.37,0.066
113.37,0.066
113.37,0.067
113.37,0.069
113.37,0.069
113.47,0.066
113.47,0.066
113.47,0.066
113.47,0.066
113.47,0.066
113.47,0.065
113.47,0.065
113.47,0.065
113.47,0.065
113.47,0.066
113.47,0.066
113.47,0.067
113.47,0.066
113.47,0.067
113.47,0.066
113.47,0.066
113.47,0.066
113.47,0.067
113.56,0.067
113.56,0.067
113.56,0.067
113.56,0.067
113.56,0.066
113.56,0.066
113.56,0.066
113.56,0.066
113.56,0.066
113.56,0.065
113.56,0.066
113.56,0.066
113.56,0.066
113.56,0.066
113.56,0.066
113.56,0.065
113.56,0.065
113.56,0.066
113.56,0.066
113.56,0.066
113.56,0.066
113.56,0.066
113.56,0.066
113.56,0.067
113.65,0.067
113.65,0.067
113.65,0.067
113.65,0.067
113.65,0.067
113.65,0.067
113.65,0.067
113.65,0.066
113.65,0.064
113.65,0.064
113.65,0.064
113.65,0.065
113.65,0.065
113.65,0.066
113.65,0.066
113.65,0.066
113.65,0.066
113.65,0.066
113.65,0.066
113.65,0.066
113.65,0.066
113.65,0.065
113.65,0.065
113.65,0.065
113.75,0.068
113.75,0.067
113.75,0.067
113.75,0.067
113.75,0.067
113.75,0.067
113.75,0.064
113.75,0.064
113.75,0.064
113.75,0.066
113.75,0.065
113.75,0.066
113.75,0.066
113.75,0.066
113.84,0.066
113.84,0.068
113.84,0.068
113.84,0.068
113.84,0.068
113.84,0.068
113.84,0.067
113.84,0.067
113.84,0.067
113.84,0.065
113.84,0.065
113.84,0.065
113.84,0.065
113.84,0.065
113.84,0.064
113.84,0.064
113.84,0.064
113.84,0.065
113.84,0.066
113.84,0.065
113.84,0.066
113.93,0.066
113.93,0.068
113.93,0.068
113.93,0.065
113.93,0.065
113.93,0.065
113.93,0.065
114.02,0.065
114.02,0.068
114.02,0.068
114.02,0.066
114.02,0.068
114.02,0.065
114.12,0.066
114.12,0.066
114.12,0.065
114.12,0.068
114.12,0.068
114.12,0.068
114.12,0.068
114.12,0.068
114.12,0.068
114.12,0.068
114.12,0.068
114.12,0.066
114.12,0.066
114.12,0.066
114.12,0.066
114.12,0.066
114.12,0.066
114.12,0.068
114.21,0.066
114.21,0.066
114.21,0.066
114.21,0.065
114.21,0.065
114.21,0.068
114.21,0.068
114.21,0.068
114.21,0.068
114.21,0.068
114.21,0.068
114.21,0.068
114.21,0.068
114.21,0.068
114.21,0.068
114.21,0.068
114.21,0.068
114.21,0.067
114.21,0.068
114.21,0.068
114.21,0.068
114.21,0.066
114.3,0.068
114.3,0.068
114.3,0.069
114.3,0.067
114.3,0.067
114.3,0.067
114.3,0.067
114.3,0.066
114.3,0.066
114.3,0.066
114.3,0.066
114.3,0.066
114.3,0.065
114.3,0.065
114.3,0.068
114.3,0.068
114.3,0.065
114.39,0.069
114.39,0.068
114.39,0.068
114.39,0.067
114.39,0.068
114.39,0.069
114.39,0.069
114.39,0.069
114.39,0.069
114.39,0.067
114.39,0.067
114.39,0.067
114.39,0.067
114.39,0.067
114.39,0.067
114.39,0.067
114.39,0.066
114.39,0.066
114.39,0.066
114.39,0.066
114.39,0.066
114.39,0.066
114.39,0.065
114.39,0.065
114.39,0.065
114.39,0.068
114.49,0.067
114.49,0.067
114.49,0.067
114.49,0.067
114.49,0.068
114.49,0.068
114.49,0.068
114.49,0.069
114.49,0.068
114.49,0.068
114.49,0.068
114.49,0.069
114.49,0.069
114.49,0.069
114.49,0.069
114.49,0.069
114.49,0.069
114.49,0.069
114.49,0.067
114.49,0.067
114.49,0.067
114.49,0.067
114.49,0.067
114.49,0.066
114.49,0.066
114.49,0.066
114.49,0.068
114.58,0.067
114.58,0.067
114.58,0.067
114.58,0.067
114.58,0.067
114.58,0.067
114.58,0.067
114.58,0.067
114.58,0.067
114.58,0.067
114.58,0.068
114.58,0.068
114.58,0.068
114.58,0.068
114.58,0.068
114.58,0.068
114.58,0.068
114.58,0.068
114.58,0.069
114.58,0.069
114.58,0.069
114.58,0.069
114.58,0.069
114.58,0.069
114.58,0.069
114.58,0.069
114.58,0.069
114.58,0.067
114.58,0.067
114.58,0.067
114.58,0.067
114.58,0.066
114.58,0.065
114.67,0.068
114.67,0.068
114.67,0.067
114.67,0.067
114.67,0.067
114.67,0.067
114.67,0.068
114.67,0.068
114.67,0.068
114.67,0.068
114.67,0.068
114.67,0.068
114.67,0.069
114.67,0.069
114.67,0.069
114.67,0.067
114.67,0.069
114.77,0.069
114.77,0.068
114.77,0.068
114.77,0.068
114.77,0.069
114.77,0.068
114.77,0.067
114.77,0.067
114.77,0.068
114.77,0.068
114.77,0.069
114.77,0.069
114.77,0.069
114.86,0.069
114.86,0.069
114.86,0.068
114.86,0.068
114.86,0.068
114.95,0.069
114.95,0.068
114.95,0.068
114.95,0.069
114.95,0.068
114.95,0.068
114.95,0.069
114.95,0.069
114.95,0.069
114.95,0.069
114.95,0.069
114.95,0.068
114.95,0.068
114.95,0.068
114.95,0.068
114.95,0.068
114.95,0.068
115.04,0.071
115.04,0.071
115.04,0.07
115.04,0.069
115.04,0.069
115.04,0.068
115.04,0.068
115.04,0.068
115.04,0.069
115.04,0.069
115.04,0.069
115.04,0.069
115.04,0.069
115.04,0.069
115.04,0.068
115.04,0.068
115.04,0.069
115.04,0.069
115.04,0.069
115.04,0.069
115.13,0.071
115.13,0.071
115.13,0.07
115.13,0.07
115.13,0.069
115.13,0.069
115.13,0.069
115.13,0.069
115.13,0.069
115.13,0.068
115.13,0.068
115.13,0.068
115.13,0.068
115.13,0.069
115.13,0.068
115.23,0.07
115.23,0.071
115.23,0.07
115.23,0.07
115.23,0.07
115.23,0.071
115.23,0.071
115.23,0.07
115.23,0.07
115.23,0.069
115.23,0.07
115.23,0.07
115.23,0.07
115.23,0.07
115.23,0.07
115.23,0.069
115.23,0.069
115.32,0.071
115.32,0.07
115.32,0.071
115.32,0.07
115.32,0.07
115.32,0.07
115.32,0.07
115.32,0.07
115.32,0.07
115.32,0.071
115.32,0.071
115.32,0.071
115.32,0.07
115.32,0.07
115.32,0.07
115.32,0.07
115.32,0.07
115.32,0.07
115.32,0.069
115.32,0.069
115.32,0.069
115.32,0.07
115.32,0.07
115.32,0.068
115.41,0.071
115.41,0.071
115.41,0.071
115.41,0.071
115.41,0.071
115.41,0.07
115.41,0.07
115.41,0.07
115.41,0.07
115.41,0.07
115.41,0.07
115.41,0.069
115.41,0.069
115.41,0.069
115.41,0.069
115.5,0.07
115.5,0.07
115.5,0.07
115.5,0.07
115.5,0.071
115.5,0.071
115.5,0.071
115.5,0.071
115.5,0.071
115.5,0.071
115.5,0.071
115.5,0.07
115.5,0.069
115.5,0.069
115.59,0.074
115.59,0.071
115.59,0.07
115.59,0.07
115.59,0.07
115.59,0.07
115.59,0.07
115.59,0.07
115.59,0.07
115.59,0.07
115.59,0.07
115.69,0.074
115.69,0.073
115.69,0.074
115.69,0.074
115.69,0.074
115.69,0.074
115.69,0.073
115.69,0.074
115.69,0.074
115.69,0.074
115.69,0.074
115.69,0.073
115.69,0.071
115.69,0.071
115.69,0.07
115.69,0.07
115.69,0.07
115.69,0.07
115.69,0.07
115.69,0.07
115.69,0.07
115.69,0.07
115.78,0.074
115.78,0.074
115.78,0.073
115.78,0.074
115.78,0.074
115.78,0.074
115.78,0.074
115.78,0.073
115.78,0.073
115.78,0.073
115.78,0.073
115.78,0.071
115.78,0.071
115.78,0.07
115.78,0.07
115.78,0.07
115.78,0.07
115.78,0.07
115.87,0.074
115.87,0.075
115.87,0.074
115.87,0.074
115.87,0.074
115.87,0.073
115.87,0.073
115.87,0.073
115.87,0.073
115.87,0.073
115.87,0.074
115.87,0.074
115.87,0.073
115.87,0.073
115.87,0.073
115.87,0.071
115.87,0.071
115.87,0.071
115.87,0.071
115.87,0.07
115.87,0.07
115.96,0.074
115.96,0.074
115.96,0.075
115.96,0.075
115.96,0.074
115.96,0.074
115.96,0.074
115.96,0.074
115.96,0.074
115.96,0.074
115.96,0.074
115.96,0.071
115.96,0.07
115.96,0.07
116.05,0.077
116.05,0.074
116.05,0.074
116.05,0.074
116.05,0.074
116.05,0.074
116.05,0.075
116.05,0.075
116.05,0.075
116.05,0.075
116.05,0.075
116.05,0.075
116.05,0.075
116.05,0.074
116.05,0.074
116.05,0.074
116.05,0.073
116.05,0.074
116.05,0.074
116.05,0.073
116.14,0.077
116.14,0.077
116.14,0.075
116.14,0.075
116.14,0.075
116.14,0.074
116.14,0.074
116.14,0.075
116.14,0.075
116.14,0.075
116.14,0.075
116.14,0.074
116.14,0.073
116.24,0.077
116.24,0.077
116.24,0.077
116.24,0.077
116.24,0.077
116.24,0.076
116.24,0.076
116.24,0.076
116.24,0.076
116.24,0.076
116.24,0.075
116.24,0.075
116.24,0.074
116.24,0.075
116.24,0.075
116.24,0.075
116.24,0.075
116.24,0.075
116.24,0.074
116.33,0.079
116.33,0.077
116.33,0.077
116.33,0.077
116.33,0.077
116.33,0.076
116.33,0.076
116.42,0.082
116.42,0.078
116.42,0.08
116.42,0.079
116.42,0.079
116.42,0.079
116.42,0.078
116.42,0.078
116.42,0.077
116.42,0.077
116.42,0.077
116.42,0.077
116.42,0.077
116.42,0.077
116.42,0.076
116.42,0.077
116.42,0.076
116.42,0.076
116.42,0.076
116.42,0.074
116.51,0.084
116.51,0.082
116.51,0.082
116.51,0.082
116.51,0.078
116.51,0.08
116.51,0.08
116.51,0.08
116.51,0.08
116.51,0.08
116.51,0.079
116.51,0.079
116.51,0.079
116.51,0.078
116.51,0.078
116.6,0.083
116.6,0.083
116.6,0.082
116.6,0.082
116.6,0.078
116.6,0.078
116.6,0.078
116.6,0.078
116.6,0.08
116.6,0.08
116.6,0.079
116.6,0.079
116.6,0.078
116.6,0.078
116.6,0.078
116.6,0.078
116.6,0.078
116.69,0.082
116.69,0.082
116.69,0.084
116.69,0.084
116.69,0.083
116.69,0.083
116.69,0.083
116.69,0.083
116.69,0.083
116.69,0.083
116.69,0.082
116.69,0.082
116.69,0.082
116.69,0.078
116.69,0.078
116.69,0.078
116.69,0.078
116.69,0.08
116.69,0.08
116.69,0.08
116.69,0.08
116.69,0.08
116.69,0.079
116.69,0.078
116.78,0.083
116.78,0.083
116.78,0.083
116.78,0.083
116.78,0.082
116.78,0.082
116.78,0.082
116.78,0.082
116.78,0.084
116.78,0.084
116.78,0.084
116.78,0.084
116.78,0.084
116.78,0.084
116.78,0.084
116.78,0.081
116.78,0.08
116.78,0.08
116.78,0.08
116.78,0.08
116.88,0.083
116.88,0.083
116.88,0.083
116.88,0.082
116.88,0.083
116.88,0.083
116.88,0.08
116.88,0.08
116.88,0.08
116.97,0.081
116.97,0.083
116.97,0.083
116.97,0.083
116.97,0.083
116.97,0.083
116.97,0.083
116.97,0.083
116.97,0.082
117.06,0.082
117.06,0.083
117.06,0.083
117.06,0.083
117.06,0.083
117.06,0.082
117.15,0.083
117.15,0.083
117.15,0.083
117.15,0.082
117.15,0.083
117.15,0.083
117.15,0.083
117.15,0.083
117.15,0.083
117.15,0.083
117.15,0.083
117.15,0.083
117.15,0.083
117.15,0.083
117.15,0.083
117.15,0.083
117.15,0.082
117.24,0.082
117.24,0.081
117.24,0.083
117.24,0.083
117.24,0.083
117.24,0.083
117.24,0.082
117.24,0.081
117.24,0.081
117.24,0.081
117.24,0.081
117.24,0.081
117.24,0.081
117.24,0.081
117.24,0.083
117.24,0.083
117.24,0.083
117.24,0.083
117.24,0.083
117.24,0.083
117.33,0.081
117.33,0.083
117.33,0.082
117.33,0.081
117.33,0.081
117.33,0.081
117.33,0.081
117.33,0.083
117.33,0.083
117.42,0.085
117.42,0.082
117.42,0.082
117.42,0.082
117.42,0.081
117.42,0.081
117.42,0.081
117.42,0.083
117.42,0.083
117.42,0.082
117.42,0.081
117.42,0.081
117.42,0.081
117.42,0.082
117.51,0.085
117.51,0.085
117.51,0.085
117.51,0.083
117.51,0.082
117.51,0.082
117.51,0.082
117.51,0.082
117.51,0.082
117.51,0.081
117.51,0.082
117.51,0.082
117.51,0.082
117.51,0.081
117.51,0.082
117.51,0.082
117.51,0.081
117.51,0.081
117.6,0.085
117.6,0.085
117.6,0.085
117.6,0.085
117.6,0.085
117.6,0.085
117.6,0.085
117.6,0.085
117.6,0.085
117.6,0.084
117.6,0.082
117.6,0.081
117.6,0.081
117.6,0.081
117.6,0.082
117.69,0.086
117.69,0.086
117.69,0.085
117.69,0.085
117.69,0.085
117.69,0.085
117.69,0.083
117.69,0.084
117.69,0.083
117.69,0.084
117.69,0.081
117.69,0.081
117.69,0.082
117.78,0.086
117.78,0.086
117.78,0.086
117.78,0.086
117.78,0.087
117.78,0.086
117.78,0.085
117.78,0.083
117.78,0.083
117.78,0.083
117.78,0.084
117.88,0.086
117.88,0.086
117.88,0.086
117.88,0.087
117.88,0.086
117.88,0.087
117.88,0.086
117.88,0.086
117.88,0.086
117.88,0.087
117.88,0.087
117.88,0.087
117.88,0.087
117.88,0.086
117.88,0.086
117.88,0.086
117.88,0.086
117.88,0.086
117.88,0.086
117.88,0.085
117.88,0.085
117.97,0.086
117.97,0.086
117.97,0.086
117.97,0.086
117.97,0.086
117.97,0.086
117.97,0.087
117.97,0.087
117.97,0.086
117.97,0.087
117.97,0.087
117.97,0.086
117.97,0.087
117.97,0.087
117.97,0.086
117.97,0.086
118.06,0.086
118.06,0.087
118.06,0.086
118.06,0.086
118.06,0.086
118.06,0.086
118.06,0.086
118.06,0.087
118.06,0.086
118.15,0.087
118.15,0.086
118.15,0.086
118.15,0.086
118.15,0.085
118.15,0.084
118.15,0.084
118.15,0.086
118.15,0.086
118.15,0.086
118.15,0.086
118.15,0.086
118.15,0.086
118.15,0.087
118.15,0.086
118.15,0.087
118.24,0.088
118.24,0.087
118.24,0.087
118.24,0.086
118.24,0.086
118.24,0.086
118.24,0.086
118.24,0.084
118.24,0.084
118.24,0.084
118.24,0.084
118.24,0.086
118.24,0.086
118.33,0.089
118.33,0.089
118.33,0.089
118.33,0.087
118.33,0.087
118.33,0.086
118.33,0.086
118.33,0.088
118.33,0.088
118.33,0.088
118.33,0.088
118.33,0.087
118.33,0.087
118.33,0.087
118.33,0.084
118.33,0.084
118.42,0.088
118.42,0.088
118.42,0.089
118.42,0.087
118.42,0.087
118.42,0.087
118.42,0.087
118.42,0.087
118.42,0.087
118.42,0.086
118.42,0.086
118.42,0.086
118.42,0.086
118.42,0.086
118.42,0.086
118.42,0.088
118.42,0.088
118.42,0.088
118.42,0.087
118.42,0.087
118.42,0.087
118.42,0.087
118.42,0.084
118.51,0.088
118.51,0.088
118.51,0.088
118.51,0.089
118.51,0.087
118.51,0.086
118.6,0.09
118.6,0.09
118.6,0.089
118.6,0.089
118.6,0.088
118.6,0.088
118.6,0.088
118.6,0.088
118.6,0.089
118.6,0.089
118.6,0.087
118.6,0.086
118.6,0.088
118.6,0.088
118.69,0.089
118.69,0.089
118.69,0.089
118.69,0.089
118.69,0.088
118.69,0.088
118.69,0.088
118.69,0.088
118.78,0.089
118.78,0.089
118.78,0.09
118.78,0.09
118.78,0.09
118.78,0.09
118.78,0.089
118.78,0.089
118.78,0.09
118.78,0.089
118.78,0.089
118.78,0.088
118.78,0.088
118.78,0.088
118.78,0.088
118.78,0.089
118.87,0.09
118.87,0.089
118.87,0.089
118.87,0.09
118.87,0.09
118.87,0.09
118.87,0.09
118.87,0.09
118.87,0.09
118.87,0.089
118.87,0.089
118.87,0.09
118.87,0.088
118.87,0.088
118.87,0.088
118.87,0.088
118.96,0.091
118.96,0.09
118.96,0.09
118.96,0.09
118.96,0.09
118.96,0.09
118.96,0.09
118.96,0.09
118.96,0.089
118.96,0.089
118.96,0.089
118.96,0.09
118.96,0.089
118.96,0.089
118.96,0.088
119.05,0.091
119.05,0.091
119.05,0.091
119.05,0.09
119.05,0.09
119.05,0.09
119.05,0.09
119.05,0.09
119.05,0.09
119.05,0.09
119.05,0.09
119.05,0.09
119.05,0.09
119.05,0.089
119.05,0.088
119.14,0.089
119.14,0.09
119.14,0.091
119.14,0.09
119.14,0.09
119.14,0.089
119.14,0.089
119.14,0.09
119.14,0.09
119.14,0.09
119.14,0.09
119.14,0.09
119.14,0.09
119.14,0.09
119.14,0.089
119.14,0.089
119.23,0.09
119.23,0.089
119.23,0.089
119.23,0.089
119.23,0.089
119.23,0.089
119.23,0.09
119.23,0.091
119.23,0.09
119.23,0.09
119.23,0.089
119.23,0.089
119.23,0.089
119.23,0.089
119.23,0.09
119.32,0.091
119.32,0.09
119.32,0.09
119.32,0.089
119.32,0.089
119.32,0.089
119.32,0.09
119.32,0.091
119.32,0.09
119.32,0.09
119.32,0.089
119.32,0.089
119.32,0.09
119.32,0.09
119.32,0.09
119.32,0.09
119.41,0.091
119.41,0.092
119.41,0.091
119.41,0.091
119.41,0.091
119.41,0.09
119.41,0.091
119.41,0.09
119.41,0.09
119.41,0.09
119.41,0.09
119.41,0.089
119.41,0.09
119.41,0.09
119.41,0.09
119.41,0.089
119.5,0.091
119.5,0.091
119.5,0.091
119.5,0.092
119.5,0.091
119.5,0.091
119.5,0.091
119.5,0.091
119.5,0.09
119.5,0.09
119.5,0.09
119.5,0.09
119.5,0.089
119.59,0.091
119.59,0.091
119.59,0.091
119.59,0.091
119.59,0.091
119.59,0.09
119.59,0.091
119.59,0.09
119.68,0.091
119.68,0.09
119.68,0.09
119.68,0.09
119.68,0.09
119.68,0.092
119.68,0.092
119.68,0.091
119.68,0.091
119.68,0.091
119.77,0.091
119.77,0.092
119.77,0.091
119.77,0.091
119.77,0.091
119.77,0.09
119.77,0.09
119.77,0.09
119.77,0.093
119.77,0.092
119.77,0.091
119.86,0.093
119.86,0.091
119.86,0.091
119.86,0.091
119.86,0.091
119.86,0.091
119.86,0.091
119.86,0.091
119.86,0.09
119.86,0.09
119.86,0.09
119.86,0.093
119.86,0.092
119.95,0.092
119.95,0.092
119.95,0.092
119.95,0.091
119.95,0.091
119.95,0.091
119.95,0.092
119.95,0.092
120.04,0.093
120.04,0.093
120.04,0.091
120.04,0.09
120.04,0.092
120.04,0.092
120.04,0.091
120.04,0.092
120.04,0.092
120.04,0.092
120.04,0.092
120.04,0.092
120.04,0.092
120.04,0.091
120.04,0.092
120.04,0.092
120.04,0.092
120.13,0.095
120.13,0.094
120.13,0.093
120.13,0.093
120.13,0.093
120.13,0.09
120.13,0.09
120.13,0.092
120.13,0.092
120.13,0.092
120.13,0.092
120.13,0.092
120.13,0.092
120.13,0.092
120.13,0.092
120.13,0.092
120.13,0.092
120.13,0.092
120.22,0.095
120.22,0.095
120.22,0.095
120.22,0.093
120.22,0.093
120.22,0.09
120.22,0.091
120.22,0.09
120.22,0.09
120.22,0.09
120.22,0.09
120.22,0.092
120.22,0.092
120.22,0.092
120.22,0.092
120.22,0.091
120.31,0.096
120.31,0.095
120.31,0.095
120.31,0.095
120.31,0.095
120.31,0.093
120.31,0.093
120.31,0.092
120.31,0.092
120.31,0.092
120.31,0.092
120.4,0.096
120.4,0.096
120.4,0.097
120.4,0.097
120.4,0.095
120.4,0.092
120.4,0.092
120.49,0.097
120.49,0.097
120.49,0.095
120.49,0.095
120.49,0.095
120.49,0.096
120.49,0.096
120.49,0.096
120.49,0.096
120.49,0.097
120.49,0.097
120.49,0.097
120.49,0.097
120.49,0.097
120.58,0.097
120.58,0.096
120.58,0.097
120.58,0.097
120.58,0.096
120.58,0.097
120.58,0.097
120.58,0.097
120.58,0.097
120.67,0.096
120.67,0.097
120.67,0.097
120.67,0.095
120.67,0.095
120.75,0.097
120.75,0.097
120.75,0.097
120.75,0.096
120.75,0.097
120.75,0.096
120.75,0.096
120.75,0.096
120.75,0.096
120.75,0.096
120.75,0.096
120.75,0.096
120.75,0.096
120.75,0.095
120.75,0.095
120.75,0.095
120.75,0.096
120.75,0.096
120.84,0.101
120.84,0.1
120.84,0.1
120.84,0.097
120.84,0.097
120.84,0.097
120.84,0.096
120.84,0.096
120.84,0.096
120.84,0.096
120.84,0.096
120.84,0.096
120.84,0.096
120.84,0.095
120.84,0.096
120.93,0.1
120.93,0.1
120.93,0.1
120.93,0.1
120.93,0.1
120.93,0.1
120.93,0.097
120.93,0.097
120.93,0.097
120.93,0.097
120.93,0.096
120.93,0.096
120.93,0.096
120.93,0.096
120.93,0.097
121.02,0.1
121.02,0.1
121.02,0.1
121.02,0.097
121.02,0.097
121.11,0.101
121.11,0.1
121.11,0.1
121.11,0.1
121.11,0.1
121.11,0.1
121.11,0.101
121.11,0.101
121.11,0.1
121.11,0.1
121.11,0.1
121.11,0.1
121.11,0.1
121.11,0.1
121.11,0.1
121.11,0.1
121.11,0.097
121.11,0.097
121.11,0.097
121.11,0.097
121.11,0.097
121.2,0.101
121.2,0.101
121.2,0.101
121.2,0.1
121.2,0.1
121.2,0.1
121.2,0.1
121.2,0.101
121.2,0.101
121.2,0.101
121.2,0.101
121.2,0.101
121.2,0.101
121.2,0.1
121.2,0.1
121.2,0.097
121.29,0.101
121.29,0.1
121.29,0.1
121.29,0.1
121.29,0.101
121.29,0.101
121.29,0.101
121.29,0.101
121.38,0.1
121.38,0.1
121.38,0.1
121.38,0.101
121.47,0.1
121.47,0.101
121.47,0.1
121.47,0.101
121.47,0.1
121.47,0.1
121.47,0.1
121.47,0.1
121.47,0.1
121.47,0.1
121.47,0.1
121.47,0.1
121.47,0.1
121.47,0.101
121.47,0.101
121.56,0.102
121.56,0.102
121.56,0.102
121.56,0.102
121.56,0.102
121.56,0.102
121.56,0.1
121.56,0.1
121.64,0.101
121.64,0.101
121.64,0.102
121.64,0.102
121.64,0.102
121.64,0.102
121.64,0.102
121.64,0.102
121.64,0.102
121.64,0.102
121.64,0.101
121.64,0.101
121.64,0.1
121.64,0.1
121.73,0.102
121.73,0.102
121.73,0.101
121.73,0.102
121.73,0.102
121.73,0.102
121.73,0.102
121.73,0.102
121.73,0.102
121.73,0.102
121.73,0.102
121.73,0.102
121.73,0.102
121.73,0.102
121.73,0.1
121.73,0.101
121.73,0.1
121.82,0.103
121.82,0.103
121.82,0.102
121.82,0.102
121.82,0.102
121.82,0.101
121.82,0.101
121.82,0.101
121.82,0.102
121.82,0.102
121.82,0.1
121.91,0.101
121.91,0.101
121.91,0.102
121.91,0.102
121.91,0.102
121.91,0.102
121.91,0.102
121.91,0.102
121.91,0.102
121.91,0.102
121.91,0.102
121.91,0.101
121.91,0.101
121.91,0.101
121.91,0.101
122,0.102
122,0.102
122,0.102
122,0.102
122,0.102
122,0.102
122,0.101
122,0.102
122,0.102
122.09,0.1
122.09,0.101
122.09,0.102
122.09,0.102
122.18,0.102
122.18,0.102
122.18,0.102
122.18,0.1
122.18,0.1
122.18,0.1
122.18,0.102
122.18,0.102
122.18,0.102
122.18,0.102
122.18,0.102
122.18,0.102
122.18,0.102
122.18,0.102
122.18,0.102
122.18,0.102
122.18,0.102
122.18,0.102
122.18,0.102
122.26,0.103
122.26,0.102
122.26,0.103
122.26,0.103
122.26,0.102
122.26,0.103
122.26,0.102
122.26,0.102
122.26,0.102
122.26,0.102
122.26,0.102
122.26,0.1
122.26,0.101
122.26,0.101
122.26,0.102
122.26,0.102
122.26,0.102
122.26,0.102
122.35,0.103
122.35,0.103
122.35,0.103
122.35,0.103
122.35,0.102
122.35,0.103
122.35,0.103
122.35,0.103
122.35,0.102
122.44,0.103
122.44,0.103
122.44,0.103
122.53,0.104
122.53,0.104
122.53,0.104
122.53,0.103
122.53,0.102
122.53,0.103
122.53,0.102
122.53,0.103
122.53,0.102
122.53,0.102
122.53,0.103
122.53,0.103
122.62,0.104
122.62,0.104
122.62,0.104
122.62,0.104
122.62,0.104
122.62,0.104
122.62,0.103
122.62,0.103
122.62,0.102
122.62,0.103
122.71,0.106
122.71,0.105
122.71,0.105
122.71,0.104
122.71,0.104
122.79,0.106
122.79,0.106
122.79,0.105
122.79,0.104
122.79,0.104
122.79,0.104
122.79,0.104
122.88,0.108
122.88,0.108
122.88,0.109
122.88,0.107
122.88,0.107
122.88,0.107
122.88,0.106
122.88,0.106
122.88,0.106
122.88,0.106
122.88,0.106
122.88,0.106
122.88,0.106
122.88,0.106
122.88,0.105
122.88,0.105
122.88,0.105
122.88,0.105
122.88,0.105
122.88,0.105
122.88,0.104
122.88,0.104
122.88,0.104
122.97,0.108
122.97,0.108
122.97,0.108
122.97,0.108
122.97,0.108
122.97,0.107
122.97,0.107
122.97,0.107
122.97,0.107
122.97,0.107
122.97,0.106
122.97,0.106
122.97,0.105
122.97,0.104
122.97,0.104
123.06,0.109
123.06,0.109
123.06,0.108
123.06,0.107
123.06,0.107
123.06,0.107
123.06,0.106
123.06,0.107
123.06,0.106
123.06,0.107
123.06,0.107
123.06,0.107
123.06,0.106
123.06,0.106
123.06,0.106
123.06,0.106
123.15,0.11
123.15,0.11
123.15,0.109
123.15,0.109
123.15,0.109
123.15,0.109
123.15,0.108
123.15,0.106
123.15,0.107
123.15,0.107
123.15,0.106
123.15,0.106
123.15,0.106
123.23,0.109
123.23,0.109
123.23,0.109
123.23,0.11
123.23,0.11
123.23,0.11
123.23,0.11
123.23,0.11
123.23,0.11
123.23,0.11
123.23,0.11
123.23,0.109
123.23,0.109
123.32,0.11
123.32,0.11
123.32,0.11
123.32,0.11
123.32,0.11
123.32,0.11
123.32,0.11
123.32,0.109
123.41,0.109
123.41,0.109
123.41,0.109
123.41,0.109
123.41,0.109
123.41,0.109
123.41,0.109
123.41,0.109
123.41,0.11
123.41,0.109
123.5,0.109
123.5,0.109
123.5,0.109
123.5,0.109
123.5,0.11
123.59,0.11
123.59,0.109
123.59,0.109
123.59,0.109
123.59,0.109
123.59,0.109
123.59,0.109
123.59,0.109
123.59,0.109
123.59,0.109
123.59,0.109
123.59,0.109
123.59,0.109
123.59,0.109
123.59,0.109
123.59,0.109
123.59,0.109
123.59,0.109
123.59,0.109
123.59,0.11
123.67,0.11
123.67,0.109
123.67,0.109
123.67,0.109
123.67,0.109
123.67,0.108
123.67,0.109
123.67,0.109
123.67,0.108
123.67,0.109
123.67,0.109
123.67,0.109
123.76,0.112
123.76,0.112
123.76,0.11
123.76,0.11
123.76,0.109
123.76,0.109
123.76,0.109
123.76,0.109
123.76,0.109
123.76,0.109
123.85,0.112
123.85,0.112
123.85,0.112
123.85,0.112
123.85,0.112
123.85,0.11
123.85,0.11
123.85,0.11
123.85,0.11
123.85,0.11
123.85,0.11
123.94,0.112
123.94,0.112
123.94,0.111
123.94,0.111
123.94,0.111
123.94,0.11
123.94,0.11
123.94,0.11
123.94,0.11
123.94,0.11
123.94,0.11
123.94,0.11
123.94,0.11
123.94,0.11
123.94,0.11
123.94,0.11
124.03,0.112
124.03,0.112
124.03,0.112
124.03,0.112
124.03,0.112
124.03,0.112
124.03,0.11
124.03,0.11
124.11,0.112
124.11,0.112
124.11,0.112
124.11,0.111
124.11,0.111
124.11,0.112
124.11,0.112
124.11,0.112
124.11,0.112
124.11,0.111
124.11,0.11
124.11,0.111
124.11,0.111
124.2,0.112
124.2,0.112
124.2,0.112
124.2,0.112
124.2,0.111
124.29,0.112
124.29,0.113
124.29,0.113
124.29,0.113
124.29,0.112
124.29,0.113
124.29,0.112
124.29,0.112
124.29,0.112
124.29,0.112
124.29,0.112
124.29,0.111
124.29,0.111
124.29,0.111
124.29,0.112
124.29,0.112
124.38,0.112
124.38,0.112
124.38,0.112
124.38,0.112
124.38,0.112
124.38,0.113
124.38,0.113
124.38,0.112
124.38,0.111
124.38,0.111
124.38,0.111
124.38,0.111
124.55,0.112
124.55,0.112
124.55,0.112
124.55,0.112
124.55,0.112
124.55,0.112
124.64,0.114
124.64,0.113
124.64,0.113
124.64,0.113
124.64,0.112
124.64,0.112
124.64,0.112
124.64,0.112
124.64,0.112
124.64,0.112
124.64,0.112
124.72,0.114
124.72,0.114
124.72,0.114
124.72,0.114
124.72,0.114
124.72,0.112
124.72,0.112
124.72,0.112
124.72,0.112
124.81,0.115
124.81,0.114
124.81,0.114
124.81,0.114
124.81,0.114
124.81,0.114
124.81,0.114
124.81,0.113
124.81,0.113
124.81,0.113
124.81,0.113
124.81,0.113
124.81,0.114
124.81,0.114
124.81,0.113
124.81,0.113
124.81,0.112
124.81,0.112
124.81,0.112
124.81,0.112
124.9,0.114
124.9,0.114
124.9,0.114
124.9,0.113
124.9,0.114
124.9,0.112
124.9,0.112
124.99,0.114
124.99,0.114
124.99,0.114
124.99,0.114
124.99,0.114
124.99,0.114
124.99,0.114
124.99,0.114
124.99,0.114
124.99,0.114
124.99,0.113
124.99,0.113
124.99,0.113
125.07,0.114
125.07,0.114
125.07,0.114
125.07,0.114
125.07,0.115
125.07,0.115
125.07,0.114
125.07,0.115
125.07,0.114
125.07,0.114
125.16,0.114
125.16,0.114
125.16,0.113
125.16,0.114
125.16,0.114
125.16,0.114
125.16,0.115
125.16,0.115
125.16,0.114
125.16,0.114
125.25,0.116
125.25,0.116
125.25,0.116
125.25,0.116
125.25,0.114
125.25,0.114
125.25,0.114
125.25,0.114
125.25,0.114
125.25,0.114
125.25,0.114
125.25,0.114
125.25,0.115
125.33,0.116
125.33,0.116
125.33,0.116
125.33,0.116
125.33,0.116
125.33,0.116
125.33,0.116
125.33,0.116
125.33,0.116
125.33,0.116
125.33,0.114
125.33,0.114
125.33,0.114
125.33,0.114
125.33,0.114
125.33,0.114
125.33,0.114
125.42,0.116
125.42,0.116
125.42,0.116
125.51,0.119
125.51,0.118
125.51,0.118
125.51,0.116
125.51,0.116
125.51,0.116
125.51,0.116
125.51,0.116
125.51,0.116
125.51,0.114
125.6,0.118
125.6,0.116
125.6,0.116
125.6,0.116
125.68,0.118
125.68,0.118
125.68,0.118
125.68,0.117
125.68,0.116
125.68,0.116
125.68,0.116
125.68,0.116
125.68,0.117
125.68,0.117
125.68,0.116
125.68,0.116
125.68,0.116
125.68,0.116
125.68,0.116
125.77,0.119
125.77,0.117
125.77,0.118
125.77,0.118
125.77,0.118
125.77,0.117
125.77,0.117
125.77,0.117
125.77,0.116
125.77,0.116
125.77,0.116
125.77,0.116
125.77,0.117
125.77,0.117
125.77,0.117
125.77,0.116
125.86,0.119
125.86,0.117
125.86,0.117
125.86,0.117
125.86,0.117
125.86,0.116
125.86,0.117
125.86,0.117
125.86,0.116
125.94,0.119
125.94,0.12
125.94,0.119
125.94,0.119
125.94,0.119
125.94,0.117
125.94,0.117
125.94,0.117
125.94,0.117
125.94,0.117
125.94,0.116
126.03,0.119
126.03,0.119
126.03,0.117
126.03,0.117
126.03,0.117
126.03,0.117
126.12,0.119
126.12,0.119
126.12,0.117
126.2,0.12
126.2,0.12
126.2,0.119
126.2,0.119
126.2,0.119
126.2,0.117
126.29,0.121
126.29,0.121
126.29,0.121
126.29,0.121
126.29,0.121
126.29,0.121
126.29,0.12
126.29,0.12
126.29,0.12
126.29,0.119
126.29,0.119
126.29,0.119
126.29,0.119
126.29,0.119
126.38,0.121
126.38,0.12
126.38,0.121
126.38,0.121
126.38,0.119
126.38,0.119
126.38,0.12
126.38,0.12
126.38,0.119
126.38,0.119
126.38,0.119
126.38,0.119
126.38,0.119
126.46,0.119
126.46,0.119
126.46,0.119
126.46,0.119
126.46,0.119
126.46,0.119
126.46,0.119
126.46,0.119
126.46,0.119
126.46,0.119
126.46,0.119
126.55,0.119
126.55,0.119
126.55,0.12
126.55,0.12
126.55,0.12
126.55,0.12
126.64,0.122
126.64,0.122
126.64,0.123
126.64,0.123
126.64,0.123
126.64,0.122
126.64,0.122
126.72,0.123
126.72,0.123
126.72,0.123
126.72,0.122
126.72,0.122
126.72,0.122
126.72,0.123
126.72,0.123
126.72,0.123
126.72,0.123
126.72,0.123
126.72,0.123
126.72,0.122
126.72,0.122
126.72,0.122
126.72,0.122
126.81,0.122
126.81,0.122
126.81,0.122
126.81,0.123
126.81,0.123
126.81,0.122
126.81,0.123
126.81,0.122
126.81,0.122
126.81,0.122
126.81,0.122
126.81,0.122
126.81,0.123
126.81,0.122
126.89,0.122
126.89,0.122
126.89,0.122
126.89,0.122
126.89,0.123
126.89,0.123
126.89,0.123
126.89,0.123
126.89,0.123
126.89,0.122
126.89,0.122
126.89,0.122
126.89,0.122
126.98,0.122
126.98,0.122
126.98,0.122
126.98,0.122
126.98,0.122
126.98,0.122
126.98,0.122
126.98,0.122
127.07,0.123
