108.55,0.071
108.55,0.071
108.55,0.07
108.55,0.07
108.55,0.07
108.65,0.071
108.65,0.071
108.65,0.071
108.65,0.071
108.65,0.07
108.65,0.07
108.65,0.071
108.75,0.071
108.75,0.071
108.75,0.07
108.75,0.071
108.75,0.071
108.75,0.071
108.84,0.071
108.84,0.07
108.84,0.07
108.84,0.07
108.84,0.07
108.84,0.07
108.84,0.07
108.84,0.07
108.84,0.07
108.84,0.071
108.84,0.071
108.84,0.071
108.84,0.071
108.94,0.071
108.94,0.07
108.94,0.07
108.94,0.07
108.94,0.07
108.94,0.07
108.94,0.07
108.94,0.071
108.94,0.072
108.94,0.072
108.94,0.072
108.94,0.072
108.94,0.07
108.94,0.071
108.94,0.071
109.03,0.071
109.03,0.072
109.03,0.072
109.03,0.072
109.03,0.072
109.03,0.071
109.03,0.071
109.03,0.07
109.03,0.07
109.03,0.07
109.03,0.07
109.03,0.07
109.13,0.072
109.13,0.072
109.13,0.072
109.13,0.072
109.13,0.071
109.13,0.071
109.13,0.071
109.13,0.071
109.13,0.071
109.13,0.071
109.13,0.07
109.13,0.07
109.13,0.07
109.13,0.07
109.13,0.071
109.22,0.072
109.22,0.072
109.22,0.072
109.22,0.071
109.22,0.071
109.22,0.07
109.22,0.07
109.22,0.07
109.22,0.07
109.22,0.07
109.22,0.07
109.22,0.07
109.22,0.071
109.22,0.071
109.22,0.071
109.22,0.071
109.22,0.071
109.22,0.071
109.22,0.07
109.32,0.072
109.32,0.072
109.32,0.072
109.32,0.072
109.32,0.07
109.32,0.07
109.32,0.07
109.32,0.071
109.32,0.071
109.32,0.071
109.32,0.071
109.32,0.071
109.32,0.071
109.32,0.07
109.32,0.07
109.42,0.072
109.42,0.071
109.42,0.071
109.42,0.071
109.51,0.071
109.51,0.071
109.51,0.071
109.51,0.071
109.51,0.071
109.51,0.071
109.51,0.07
109.51,0.07
109.51,0.07
109.51,0.072
109.51,0.071
109.61,0.071
109.61,0.071
109.61,0.071
109.61,0.07
109.61,0.07
109.61,0.07
109.61,0.071
109.61,0.072
109.61,0.071
109.61,0.072
109.7,0.071
109.7,0.071
109.7,0.07
109.7,0.07
109.7,0.071
109.7,0.071
109.7,0.071
109.7,0.071
109.7,0.071
109.7,0.071
109.7,0.071
109.7,0.072
109.7,0.072
109.8,0.071
109.8,0.071
109.8,0.071
109.8,0.071
109.8,0.071
109.8,0.071
109.8,0.071
109.8,0.071
109.8,0.072
109.8,0.071
109.8,0.07
109.8,0.07
109.8,0.07
109.8,0.069
109.8,0.07
109.89,0.072
109.89,0.071
109.89,0.071
109.89,0.069
109.89,0.069
109.89,0.07
109.89,0.07
109.89,0.07
109.99,0.071
109.99,0.071
109.99,0.069
109.99,0.07
109.99,0.07
109.99,0.071
110.08,0.069
110.08,0.069
110.08,0.07
110.08,0.07
110.08,0.07
110.08,0.07
110.08,0.07
110.08,0.07
110.08,0.07
110.08,0.07
110.18,0.07
110.18,0.07
110.18,0.07
110.18,0.07
110.18,0.071
110.18,0.072
110.18,0.071
110.18,0.071
110.18,0.071
110.18,0.071
110.18,0.071
110.18,0.072
110.18,0.071
110.18,0.071
110.18,0.071
110.27,0.07
110.27,0.07
110.27,0.071
110.27,0.071
110.27,0.071
110.27,0.071
110.27,0.071
110.37,0.07
110.37,0.071
110.37,0.071
110.37,0.071
110.37,0.071
110.37,0.071
110.37,0.072
110.37,0.072
110.37,0.072
110.46,0.071
110.46,0.071
110.46,0.071
110.46,0.071
110.46,0.071
110.46,0.072
110.46,0.072
110.46,0.072
110.46,0.072
110.46,0.072
110.56,0.071
110.56,0.071
110.56,0.072
110.56,0.072
110.56,0.072
110.56,0.072
110.65,0.071
110.65,0.072
110.65,0.072
110.65,0.072
110.65,0.072
110.65,0.072
110.75,0.072
110.75,0.072
110.75,0.072
110.75,0.072
110.75,0.072
110.75,0.073
110.75,0.073
110.84,0.072
110.84,0.072
110.84,0.072
110.84,0.072
110.84,0.072
110.84,0.072
110.84,0.073
110.84,0.072
110.84,0.072
110.84,0.072
110.84,0.073
110.84,0.073
110.84,0.073
110.84,0.073
110.84,0.073
110.84,0.073
110.84,0.074
110.84,0.076
110.84,0.079
110.94,0.072
110.94,0.072
110.94,0.072
110.94,0.072
110.94,0.073
110.94,0.074
110.94,0.073
110.94,0.074
110.94,0.079
111.03,0.072
111.03,0.072
111.03,0.072
111.03,0.072
111.03,0.073
111.03,0.074
111.03,0.076
111.03,0.079
111.12,0.074
111.12,0.073
111.12,0.076
111.12,0.076
111.12,0.079
111.12,0.079
111.12,0.079
111.22,0.074
111.22,0.074
111.22,0.076
111.22,0.076
111.22,0.076
111.22,0.078
111.22,0.079
111.22,0.079
111.22,0.079
111.22,0.085
111.22,0.084
111.31,0.076
111.31,0.076
111.31,0.076
111.31,0.082
111.31,0.082
111.31,0.084
111.31,0.084
111.31,0.085
111.31,0.084
111.41,0.074
111.41,0.082
111.41,0.082
111.41,0.082
111.41,0.084
111.41,0.084
111.5,0.082
111.5,0.082
111.5,0.082
111.5,0.083
111.5,0.084
111.5,0.084
111.5,0.085
111.5,0.085
111.5,0.085
111.5,0.085
111.5,0.085
111.5,0.085
111.5,0.088
111.5,0.088
111.5,0.088
111.5,0.088
111.59,0.082
111.59,0.085
111.59,0.085
111.59,0.085
111.59,0.085
111.59,0.088
111.59,0.088
111.59,0.088
111.59,0.088
111.59,0.088
111.59,0.089
111.59,0.089
111.59,0.089
111.59,0.088
111.69,0.088
111.69,0.089
111.69,0.088
111.69,0.089
111.78,0.089
111.78,0.089
111.78,0.089
111.88,0.092
111.88,0.092
111.88,0.092
111.88,0.092
111.88,0.096
111.88,0.096
111.97,0.092
111.97,0.092
111.97,0.093
111.97,0.093
111.97,0.094
111.97,0.093
111.97,0.093
111.97,0.096
111.97,0.096
111.97,0.096
112.06,0.092
112.06,0.092
112.06,0.092
112.06,0.093
112.06,0.093
112.06,0.093
112.06,0.096
112.06,0.096
112.06,0.096
112.06,0.096
112.06,0.099
112.06,0.099
112.16,0.092
112.16,0.093
112.16,0.093
112.16,0.096
112.16,0.098
112.16,0.098
112.16,0.099
112.16,0.099
112.25,0.098
112.25,0.098
112.25,0.098
112.25,0.099
112.25,0.099
112.35,0.098
112.35,0.098
112.35,0.098
112.35,0.099
112.35,0.099
112.35,0.099
112.35,0.1
112.35,0.104
112.35,0.104
112.44,0.098
112.44,0.098
112.44,0.099
112.44,0.1
112.44,0.1
112.44,0.1
112.44,0.1
112.44,0.104
112.53,0.1
112.53,0.101
112.53,0.104
112.53,0.104
112.53,0.104
112.63,0.1
112.63,0.1
112.63,0.1
112.63,0.104
112.63,0.104
112.63,0.104
112.63,0.105
112.63,0.105
112.63,0.105
112.63,0.105
112.72,0.104
112.72,0.105
112.72,0.105
112.72,0.105
112.72,0.105
112.72,0.105
112.72,0.105
112.72,0.108
112.72,0.108
112.72,0.108
112.72,0.108
112.72,0.108
112.72,0.11
112.72,0.11
112.81,0.11
112.81,0.11
112.91,0.108
112.91,0.108
112.91,0.108
112.91,0.108
112.91,0.11
112.91,0.11
112.91,0.11
112.91,0.111
113,0.108
113,0.11
113,0.11
113,0.11
113,0.111
113,0.111
113,0.111
113,0.111
113.09,0.111
113.09,0.111
113.09,0.111
113.09,0.113
113.19,0.111
113.19,0.111
113.19,0.113
113.19,0.113
113.19,0.113
113.19,0.116
113.37,0.113
113.37,0.113
113.37,0.113
113.37,0.113
113.37,0.113
113.37,0.113
113.37,0.116
113.37,0.116
113.37,0.116
113.37,0.117
113.47,0.116
113.47,0.116
113.47,0.116
113.47,0.116
113.47,0.117
113.47,0.117
113.47,0.117
113.47,0.117
113.56,0.115
113.56,0.115
113.56,0.117
113.56,0.117
113.56,0.117
113.56,0.12
113.56,0.123
113.65,0.117
113.65,0.121
113.65,0.122
113.75,0.117
113.75,0.12
113.75,0.12
113.75,0.12
113.75,0.123
113.84,0.12
113.84,0.12
113.84,0.12
113.84,0.123
113.84,0.122
113.84,0.123
113.84,0.123
113.84,0.123
113.84,0.123
113.84,0.124
113.84,0.127
113.84,0.127
113.93,0.12
113.93,0.12
113.93,0.123
113.93,0.124
113.93,0.124
113.93,0.124
113.93,0.124
113.93,0.144
114.02,0.124
