#x dx y dy
135.011 0.001 0.275 0.015
135.011 0.001 0.275 0.015
135.011 0.001 0.274 0.015
135.011 0.001 0.274 0.015
135.011 0.001 0.275 0.015
135.011 0.001 0.274 0.015
135.011 0.001 0.274 0.015
135.011 0.001 0.275 0.015
135.094 0.001 0.274 0.015
135.094 0.001 0.274 0.015
135.094 0.001 0.274 0.015
135.094 0.001 0.274 0.015
135.094 0.001 0.274 0.015
135.094 0.001 0.275 0.015
135.094 0.001 0.274 0.015
135.094 0.001 0.275 0.015
135.177 0.001 0.274 0.015
135.26 0.001 0.276 0.015
135.26 0.001 0.275 0.015
135.26 0.001 0.274 0.015
135.342 0.001 0.275 0.015
135.342 0.001 0.275 0.015
135.342 0.001 0.275 0.015
135.342 0.001 0.275 0.015
135.342 0.001 0.274 0.015
135.342 0.001 0.274 0.015
135.425 0.001 0.276 0.015
135.425 0.001 0.276 0.015
135.425 0.001 0.276 0.015
135.425 0.001 0.276 0.015
135.425 0.001 0.276 0.015
135.425 0.001 0.276 0.015
135.425 0.001 0.276 0.015
135.425 0.001 0.276 0.015
135.425 0.001 0.275 0.015
135.425 0.001 0.275 0.015
135.425 0.001 0.275 0.015
135.425 0.001 0.275 0.015
135.425 0.001 0.274 0.015
135.508 0.001 0.276 0.015
135.508 0.001 0.276 0.015
135.591 0.001 0.277 0.015
135.591 0.001 0.276 0.015
135.591 0.001 0.276 0.015
135.591 0.001 0.276 0.015
135.591 0.001 0.276 0.015
135.591 0.001 0.276 0.015
135.591 0.001 0.275 0.015
135.673 0.001 0.277 0.015
135.673 0.001 0.277 0.015
135.673 0.001 0.277 0.015
135.673 0.001 0.275 0.015
135.673 0.001 0.275 0.015
135.673 0.001 0.276 0.015
135.673 0.001 0.276 0.015
135.673 0.001 0.276 0.015
135.756 0.001 0.277 0.015
135.756 0.001 0.277 0.015
135.756 0.001 0.277 0.015
135.756 0.001 0.275 0.015
135.756 0.001 0.275 0.015
135.756 0.001 0.275 0.015
135.756 0.001 0.276 0.015
135.838 0.001 0.277 0.015
135.838 0.001 0.277 0.015
135.838 0.001 0.275 0.015
135.838 0.001 0.275 0.015
135.838 0.001 0.275 0.015
135.921 0.001 0.279 0.015
135.921 0.001 0.278 0.015
135.921 0.001 0.278 0.015
135.921 0.001 0.278 0.015
135.921 0.001 0.278 0.015
135.921 0.001 0.277 0.015
135.921 0.001 0.275 0.015
135.921 0.001 0.275 0.015
136.003 0.001 0.28 0.015
136.003 0.001 0.279 0.015
136.003 0.001 0.278 0.015
136.003 0.001 0.278 0.015
136.086 0.001 0.28 0.015
136.086 0.001 0.279 0.015
136.086 0.001 0.279 0.015
136.086 0.001 0.279 0.015
136.086 0.001 0.279 0.015
136.086 0.001 0.278 0.015
136.086 0.001 0.278 0.015
136.086 0.001 0.278 0.015
136.168 0.001 0.279 0.015
136.168 0.001 0.28 0.015
136.168 0.001 0.28 0.015
136.168 0.001 0.28 0.015
136.168 0.001 0.28 0.015
136.168 0.001 0.279 0.015
136.168 0.001 0.279 0.015
136.168 0.001 0.278 0.015
136.251 0.001 0.277 0.015
136.251 0.001 0.277 0.015
136.251 0.001 0.279 0.015
136.251 0.001 0.279 0.015
136.251 0.001 0.279 0.015
136.251 0.001 0.28 0.015
136.251 0.001 0.279 0.015
136.251 0.001 0.279 0.015
136.251 0.001 0.28 0.015
136.251 0.001 0.28 0.015
136.251 0.001 0.279 0.015
136.251 0.001 0.279 0.015
136.333 0.001 0.277 0.015
136.333 0.001 0.277 0.015
136.333 0.001 0.279 0.015
136.333 0.001 0.279 0.015
136.333 0.001 0.28 0.015
136.333 0.001 0.28 0.015
136.333 0.001 0.28 0.015
136.333 0.001 0.279 0.015
136.333 0.001 0.279 0.015
136.333 0.001 0.279 0.015
136.333 0.001 0.28 0.015
136.415 0.001 0.277 0.015
136.415 0.001 0.277 0.015
136.415 0.001 0.277 0.015
136.415 0.001 0.277 0.015
136.415 0.001 0.279 0.015
136.415 0.001 0.279 0.015
136.415 0.001 0.279 0.015
136.415 0.001 0.279 0.015
136.415 0.001 0.28 0.015
136.415 0.001 0.28 0.015
136.498 0.001 0.278 0.015
136.498 0.001 0.277 0.015
136.498 0.001 0.277 0.015
136.58 0.001 0.277 0.015
136.58 0.001 0.278 0.015
136.58 0.001 0.277 0.015
136.58 0.001 0.277 0.015
136.662 0.001 0.277 0.015
136.662 0.001 0.277 0.015
136.744 0.001 0.277 0.015
136.744 0.001 0.277 0.015
136.744 0.001 0.278 0.015
136.744 0.001 0.277 0.015
136.744 0.001 0.277 0.015
136.744 0.001 0.278 0.015
136.827 0.001 0.278 0.015
136.827 0.001 0.277 0.015
136.827 0.001 0.278 0.015
136.827 0.001 0.277 0.015
136.909 0.001 0.277 0.015
136.909 0.001 0.276 0.015
136.909 0.001 0.276 0.015
136.909 0.001 0.278 0.015
136.909 0.001 0.278 0.015
136.909 0.001 0.277 0.015
136.909 0.001 0.277 0.015
136.991 0.001 0.277 0.015
136.991 0.001 0.276 0.015
136.991 0.001 0.276 0.015
136.991 0.001 0.278 0.015
136.991 0.001 0.277 0.015
136.991 0.001 0.277 0.015
136.991 0.001 0.278 0.015
136.991 0.001 0.277 0.015
136.991 0.001 0.277 0.015
136.991 0.001 0.277 0.015
137.073 0.001 0.277 0.015
137.073 0.001 0.277 0.015
137.073 0.001 0.277 0.015
137.073 0.001 0.278 0.015
137.073 0.001 0.276 0.015
137.073 0.001 0.276 0.015
137.073 0.001 0.276 0.015
137.073 0.001 0.276 0.015
137.073 0.001 0.276 0.015
137.073 0.001 0.278 0.015
137.155 0.001 0.277 0.015
137.155 0.001 0.277 0.015
137.155 0.001 0.277 0.015
137.155 0.001 0.276 0.015
137.155 0.001 0.278 0.015
137.319 0.001 0.278 0.015
137.319 0.001 0.278 0.015
137.319 0.001 0.278 0.015
137.401 0.001 0.278 0.015
137.401 0.001 0.279 0.015
137.401 0.001 0.279 0.015
137.401 0.001 0.278 0.015
137.401 0.001 0.278 0.015
137.401 0.001 0.278 0.015
137.401 0.001 0.278 0.015
137.483 0.001 0.278 0.015
137.483 0.001 0.278 0.015
137.483 0.001 0.279 0.015
137.483 0.001 0.278 0.015
137.483 0.001 0.278 0.015
137.483 0.001 0.278 0.015
137.483 0.001 0.278 0.015
137.483 0.001 0.278 0.015
137.483 0.001 0.278 0.015
137.483 0.001 0.278 0.015
137.483 0.001 0.278 0.015
137.483 0.001 0.278 0.015
137.483 0.001 0.278 0.015
137.565 0.001 0.278 0.015
137.565 0.001 0.278 0.015
137.565 0.001 0.279 0.015
137.565 0.001 0.279 0.015
137.565 0.001 0.279 0.015
137.565 0.001 0.278 0.015
137.565 0.001 0.279 0.015
137.646 0.001 0.279 0.015
137.646 0.001 0.28 0.015
137.646 0.001 0.279 0.015
137.646 0.001 0.279 0.015
137.646 0.001 0.279 0.015
137.646 0.001 0.278 0.015
137.728 0.001 0.28 0.015
137.728 0.001 0.279 0.015
137.728 0.001 0.28 0.015
137.728 0.001 0.279 0.015
137.728 0.001 0.279 0.015
137.728 0.001 0.279 0.015
137.728 0.001 0.279 0.015
137.81 0.001 0.28 0.015
137.81 0.001 0.28 0.015
137.81 0.001 0.279 0.015
137.81 0.001 0.28 0.015
137.81 0.001 0.279 0.015
137.81 0.001 0.279 0.015
137.81 0.001 0.28 0.015
137.81 0.001 0.279 0.015
137.81 0.001 0.279 0.015
137.81 0.001 0.279 0.015
137.892 0.001 0.279 0.015
137.892 0.001 0.279 0.015
137.892 0.001 0.28 0.015
137.892 0.001 0.28 0.015
137.892 0.001 0.28 0.015
137.974 0.001 0.279 0.015
137.974 0.001 0.28 0.015
137.974 0.001 0.28 0.015
138.055 0.001 0.279 0.015
138.055 0.001 0.279 0.015
138.055 0.001 0.279 0.015
138.055 0.001 0.279 0.015
138.055 0.001 0.28 0.015
138.055 0.001 0.28 0.015
138.055 0.001 0.28 0.015
138.137 0.001 0.28 0.015
138.137 0.001 0.28 0.015
138.137 0.001 0.279 0.015
138.137 0.001 0.279 0.015
138.137 0.001 0.279 0.015
138.137 0.001 0.279 0.015
138.137 0.001 0.279 0.015
138.219 0.001 0.281 0.015
138.219 0.001 0.28 0.015
138.219 0.001 0.28 0.015
138.219 0.001 0.28 0.015
138.219 0.001 0.28 0.015
138.219 0.001 0.279 0.015
138.219 0.001 0.28 0.015
138.219 0.001 0.28 0.015
138.219 0.001 0.279 0.015
138.219 0.001 0.279 0.015
138.3 0.001 0.281 0.015
138.3 0.001 0.281 0.015
138.3 0.001 0.281 0.015
138.3 0.001 0.281 0.015
138.3 0.001 0.281 0.015
138.3 0.001 0.281 0.015
138.3 0.001 0.28 0.015
138.3 0.001 0.279 0.015
138.382 0.001 0.281 0.015
138.382 0.001 0.281 0.015
138.382 0.001 0.281 0.015
138.382 0.001 0.281 0.015
138.382 0.001 0.281 0.015
138.382 0.001 0.28 0.015
138.382 0.001 0.28 0.015
138.382 0.001 0.279 0.015
138.463 0.001 0.281 0.015
138.463 0.001 0.281 0.015
138.463 0.001 0.281 0.015
138.463 0.001 0.281 0.015
138.463 0.001 0.281 0.015
138.463 0.001 0.281 0.015
138.463 0.001 0.281 0.015
138.463 0.001 0.28 0.015
138.463 0.001 0.28 0.015
138.626 0.001 0.281 0.015
138.626 0.001 0.281 0.015
138.708 0.001 0.28 0.015
138.708 0.001 0.28 0.015
138.708 0.001 0.28 0.015
138.708 0.001 0.28 0.015
138.708 0.001 0.28 0.015
138.708 0.001 0.28 0.015
138.708 0.001 0.28 0.015
138.708 0.001 0.28 0.015
138.708 0.001 0.28 0.015
138.789 0.001 0.28 0.015
138.789 0.001 0.28 0.015
138.789 0.001 0.28 0.015
138.789 0.001 0.28 0.015
138.789 0.001 0.28 0.015
138.789 0.001 0.28 0.015
138.789 0.001 0.28 0.015
138.789 0.001 0.28 0.015
138.789 0.001 0.28 0.015
138.871 0.001 0.28 0.015
138.871 0.001 0.28 0.015
138.871 0.001 0.28 0.015
138.871 0.001 0.28 0.015
138.871 0.001 0.28 0.015
138.871 0.001 0.28 0.015
138.871 0.001 0.279 0.015
138.952 0.001 0.282 0.015
138.952 0.001 0.282 0.015
138.952 0.001 0.282 0.015
138.952 0.001 0.28 0.015
138.952 0.001 0.28 0.015
138.952 0.001 0.28 0.015
139.033 0.001 0.282 0.015
139.033 0.001 0.282 0.015
139.033 0.001 0.282 0.015
139.033 0.001 0.281 0.015
139.033 0.001 0.282 0.015
139.033 0.001 0.281 0.015
139.033 0.001 0.282 0.015
139.033 0.001 0.282 0.015
139.033 0.001 0.282 0.015
139.115 0.001 0.282 0.015
139.115 0.001 0.282 0.015
139.115 0.001 0.281 0.015
139.115 0.001 0.282 0.015
139.115 0.001 0.282 0.015
139.115 0.001 0.282 0.015
139.115 0.001 0.282 0.015
139.115 0.001 0.28 0.015
139.196 0.001 0.282 0.015
139.196 0.001 0.282 0.015
139.196 0.001 0.282 0.015
139.277 0.001 0.282 0.015
139.277 0.001 0.282 0.015
139.277 0.001 0.282 0.015
139.277 0.001 0.282 0.015
139.277 0.001 0.282 0.015
139.277 0.001 0.282 0.015
139.277 0.001 0.282 0.015
139.358 0.001 0.282 0.015
139.358 0.001 0.282 0.015
139.358 0.001 0.281 0.015
139.439 0.001 0.282 0.015
139.439 0.001 0.282 0.015
139.439 0.001 0.282 0.015
139.439 0.001 0.282 0.015
139.439 0.001 0.282 0.015
139.439 0.001 0.281 0.015
139.439 0.001 0.281 0.015
139.521 0.001 0.282 0.015
139.521 0.001 0.282 0.015
139.521 0.001 0.282 0.015
139.521 0.001 0.282 0.015
139.521 0.001 0.282 0.015
139.521 0.001 0.281 0.015
139.521 0.001 0.281 0.015
139.602 0.001 0.281 0.015
139.602 0.001 0.282 0.015
139.602 0.001 0.282 0.015
139.602 0.001 0.282 0.015
139.602 0.001 0.282 0.015
139.602 0.001 0.282 0.015
139.602 0.001 0.282 0.015
139.602 0.001 0.282 0.015
139.602 0.001 0.281 0.015
139.602 0.001 0.281 0.015
139.602 0.001 0.281 0.015
139.602 0.001 0.281 0.015
139.683 0.001 0.282 0.015
139.683 0.001 0.281 0.015
139.683 0.001 0.281 0.015
139.764 0.001 0.281 0.015
139.764 0.001 0.281 0.015
139.764 0.001 0.281 0.015
139.845 0.001 0.282 0.015
139.845 0.001 0.281 0.015
139.845 0.001 0.281 0.015
139.845 0.001 0.281 0.015
139.926 0.001 0.282 0.015
139.926 0.001 0.281 0.015
139.926 0.001 0.28 0.015
139.926 0.001 0.281 0.015
139.926 0.001 0.281 0.015
139.926 0.001 0.281 0.015
139.926 0.001 0.281 0.015
139.926 0.001 0.281 0.015
139.926 0.001 0.281 0.015
140.007 0.001 0.282 0.015
140.007 0.001 0.282 0.015
140.007 0.001 0.282 0.015
140.007 0.001 0.282 0.015
140.007 0.001 0.281 0.015
140.007 0.001 0.281 0.015
140.007 0.001 0.281 0.015
140.007 0.001 0.281 0.015
140.007 0.001 0.281 0.015
140.088 0.001 0.282 0.015
140.088 0.001 0.282 0.015
140.088 0.001 0.28 0.015
140.088 0.001 0.28 0.015
140.088 0.001 0.281 0.015
140.088 0.001 0.281 0.015
140.088 0.001 0.28 0.015
140.088 0.001 0.281 0.015
140.088 0.001 0.281 0.015
140.088 0.001 0.281 0.015
140.169 0.001 0.281 0.015
140.169 0.001 0.282 0.015
140.169 0.001 0.282 0.015
140.169 0.001 0.282 0.015
140.169 0.001 0.282 0.015
140.169 0.001 0.28 0.015
140.249 0.001 0.282 0.015
140.249 0.001 0.282 0.015
140.249 0.001 0.282 0.015
140.33 0.001 0.282 0.015
140.33 0.001 0.282 0.015
140.33 0.001 0.282 0.015
140.33 0.001 0.282 0.015
140.33 0.001 0.282 0.015
140.33 0.001 0.282 0.015
140.33 0.001 0.281 0.015
140.411 0.001 0.281 0.015
140.411 0.001 0.281 0.015
140.411 0.001 0.281 0.015
140.411 0.001 0.282 0.015
140.411 0.001 0.282 0.015
140.411 0.001 0.282 0.015
140.492 0.001 0.281 0.015
140.492 0.001 0.281 0.015
140.492 0.001 0.282 0.015
140.492 0.001 0.282 0.015
140.492 0.001 0.281 0.015
140.492 0.001 0.282 0.015
140.573 0.001 0.283 0.015
140.573 0.001 0.283 0.015
140.573 0.001 0.281 0.015
140.573 0.001 0.281 0.015
140.573 0.001 0.282 0.015
140.653 0.001 0.283 0.015
140.653 0.001 0.281 0.015
140.653 0.001 0.281 0.015
140.653 0.001 0.281 0.015
140.734 0.001 0.284 0.015
140.734 0.001 0.284 0.015
140.734 0.001 0.283 0.015
140.734 0.001 0.283 0.015
140.734 0.001 0.283 0.015
140.815 0.001 0.284 0.015
140.815 0.001 0.284 0.015
140.815 0.001 0.284 0.015
140.815 0.001 0.283 0.015
140.815 0.001 0.283 0.015
140.815 0.001 0.283 0.015
140.895 0.001 0.284 0.015
140.895 0.001 0.284 0.015
140.895 0.001 0.284 0.015
140.895 0.001 0.284 0.015
140.895 0.001 0.284 0.015
140.895 0.001 0.284 0.015
140.895 0.001 0.284 0.015
140.895 0.001 0.283 0.015
140.976 0.001 0.285 0.015
140.976 0.001 0.284 0.015
140.976 0.001 0.284 0.015
140.976 0.001 0.284 0.015
141.056 0.001 0.284 0.015
141.056 0.001 0.284 0.015
141.056 0.001 0.285 0.015
141.056 0.001 0.285 0.015
141.056 0.001 0.285 0.015
141.056 0.001 0.285 0.015
141.056 0.001 0.285 0.015
141.056 0.001 0.285 0.015
141.056 0.001 0.284 0.015
141.056 0.001 0.284 0.015
141.056 0.001 0.284 0.015
141.056 0.001 0.284 0.015
141.137 0.001 0.283 0.015
141.137 0.001 0.284 0.015
141.137 0.001 0.284 0.015
141.137 0.001 0.284 0.015
141.137 0.001 0.285 0.015
141.137 0.001 0.284 0.015
141.217 0.001 0.284 0.015
141.217 0.001 0.284 0.015
141.217 0.001 0.284 0.015
141.217 0.001 0.284 0.015
141.217 0.001 0.284 0.015
141.217 0.001 0.284 0.015
141.217 0.001 0.284 0.015
141.217 0.001 0.285 0.015
141.217 0.001 0.285 0.015
141.298 0.001 0.283 0.015
141.298 0.001 0.284 0.015
141.298 0.001 0.284 0.015
141.298 0.001 0.284 0.015
141.298 0.001 0.284 0.015
141.378 0.001 0.283 0.015
141.378 0.001 0.283 0.015
141.378 0.001 0.284 0.015
141.378 0.001 0.284 0.015
141.459 0.001 0.283 0.015
141.459 0.001 0.283 0.015
141.459 0.001 0.283 0.015
141.539 0.001 0.284 0.015
141.539 0.001 0.283 0.015
141.539 0.001 0.283 0.015
141.539 0.001 0.283 0.015
141.539 0.001 0.282 0.015
141.539 0.001 0.283 0.015
141.62 0.001 0.284 0.015
141.62 0.001 0.284 0.015
141.62 0.001 0.284 0.015
141.62 0.001 0.283 0.015
141.62 0.001 0.283 0.015
141.62 0.001 0.283 0.015
141.62 0.001 0.282 0.015
141.62 0.001 0.283 0.015
141.7 0.001 0.285 0.015
141.7 0.001 0.285 0.015
141.7 0.001 0.284 0.015
141.7 0.001 0.284 0.015
141.7 0.001 0.284 0.015
141.7 0.001 0.284 0.015
141.7 0.001 0.284 0.015
141.7 0.001 0.283 0.015
141.7 0.001 0.283 0.015
141.7 0.001 0.283 0.015
141.7 0.001 0.283 0.015
141.7 0.001 0.283 0.015
141.78 0.001 0.285 0.015
141.78 0.001 0.285 0.015
141.86 0.001 0.285 0.015
141.86 0.001 0.285 0.015
141.86 0.001 0.285 0.015
141.86 0.001 0.285 0.015
141.86 0.001 0.285 0.015
141.86 0.001 0.284 0.015
141.941 0.001 0.285 0.015
142.021 0.001 0.284 0.015
142.021 0.001 0.283 0.015
142.021 0.001 0.285 0.015
142.021 0.001 0.285 0.015
142.021 0.001 0.285 0.015
142.021 0.001 0.285 0.015
142.021 0.001 0.285 0.015
142.021 0.001 0.285 0.015
142.101 0.001 0.283 0.015
142.101 0.001 0.283 0.015
142.101 0.001 0.285 0.015
142.101 0.001 0.285 0.015
142.181 0.001 0.284 0.015
142.181 0.001 0.283 0.015
142.181 0.001 0.284 0.015
142.181 0.001 0.284 0.015
142.181 0.001 0.285 0.015
142.181 0.001 0.285 0.015
142.261 0.001 0.285 0.015
142.261 0.001 0.284 0.015
142.261 0.001 0.284 0.015
142.261 0.001 0.284 0.015
142.261 0.001 0.285 0.015
142.261 0.001 0.284 0.015
142.261 0.001 0.285 0.015
142.261 0.001 0.284 0.015
142.261 0.001 0.283 0.015
142.261 0.001 0.284 0.015
142.341 0.001 0.286 0.015
142.341 0.001 0.286 0.015
142.341 0.001 0.286 0.015
142.341 0.001 0.285 0.015
142.341 0.001 0.285 0.015
142.341 0.001 0.285 0.015
142.341 0.001 0.285 0.015
142.341 0.001 0.284 0.015
142.341 0.001 0.284 0.015
142.341 0.001 0.284 0.015
142.341 0.001 0.284 0.015
142.422 0.001 0.286 0.015
142.422 0.001 0.286 0.015
142.422 0.001 0.286 0.015
142.422 0.001 0.284 0.015
142.422 0.001 0.284 0.015
142.422 0.001 0.284 0.015
142.422 0.001 0.285 0.015
142.422 0.001 0.284 0.015
142.502 0.001 0.286 0.015
142.502 0.001 0.286 0.015
142.502 0.001 0.286 0.015
142.502 0.001 0.285 0.015
142.502 0.001 0.286 0.015
142.502 0.001 0.286 0.015
142.502 0.001 0.285 0.015
142.502 0.001 0.285 0.015
142.502 0.001 0.285 0.015
142.502 0.001 0.285 0.015
142.502 0.001 0.285 0.015
142.502 0.001 0.284 0.015
142.502 0.001 0.284 0.015
142.582 0.001 0.286 0.015
142.582 0.001 0.286 0.015
142.582 0.001 0.286 0.015
142.582 0.001 0.285 0.015
142.582 0.001 0.285 0.015
142.582 0.001 0.284 0.015
142.582 0.001 0.284 0.015
142.662 0.001 0.286 0.015
142.662 0.001 0.286 0.015
142.662 0.001 0.285 0.015
142.742 0.001 0.287 0.015
142.742 0.001 0.287 0.015
142.821 0.001 0.287 0.015
142.821 0.001 0.288 0.015
142.821 0.001 0.288 0.015
142.901 0.001 0.287 0.015
142.901 0.001 0.288 0.015
142.901 0.001 0.288 0.015
142.901 0.001 0.287 0.015
142.981 0.001 0.288 0.015
142.981 0.001 0.288 0.015
142.981 0.001 0.288 0.015
142.981 0.001 0.287 0.015
143.061 0.001 0.287 0.015
143.061 0.001 0.287 0.015
143.061 0.001 0.288 0.015
143.061 0.001 0.288 0.015
143.061 0.001 0.288 0.015
143.061 0.001 0.288 0.015
143.061 0.001 0.287 0.015
143.141 0.001 0.287 0.015
143.141 0.001 0.287 0.015
143.141 0.001 0.287 0.015
143.141 0.001 0.287 0.015
143.141 0.001 0.288 0.015
143.141 0.001 0.288 0.015
143.141 0.001 0.287 0.015
143.221 0.001 0.287 0.015
143.221 0.001 0.287 0.015
143.221 0.001 0.287 0.015
143.221 0.001 0.287 0.015
143.221 0.001 0.287 0.015
143.221 0.001 0.287 0.015
143.3 0.001 0.289 0.015
143.3 0.001 0.288 0.015
143.3 0.001 0.287 0.015
143.3 0.001 0.287 0.015
143.3 0.001 0.287 0.015
143.38 0.001 0.289 0.015
143.38 0.001 0.289 0.015
143.38 0.001 0.288 0.015
143.38 0.001 0.287 0.015
143.38 0.001 0.287 0.015
143.38 0.001 0.287 0.015
143.38 0.001 0.287 0.015
143.46 0.001 0.289 0.015
143.46 0.001 0.289 0.015
143.46 0.001 0.288 0.015
143.46 0.001 0.288 0.015
143.46 0.001 0.288 0.015
143.46 0.001 0.288 0.015
143.539 0.001 0.288 0.015
143.539 0.001 0.288 0.015
143.539 0.001 0.288 0.015
143.539 0.001 0.288 0.015
143.539 0.001 0.288 0.015
143.539 0.001 0.289 0.015
143.539 0.001 0.289 0.015
143.539 0.001 0.289 0.015
143.539 0.001 0.289 0.015
143.539 0.001 0.289 0.015
143.539 0.001 0.289 0.015
143.539 0.001 0.288 0.015
143.539 0.001 0.288 0.015
143.539 0.001 0.289 0.015
143.619 0.001 0.288 0.015
143.619 0.001 0.288 0.015
143.619 0.001 0.288 0.015
143.619 0.001 0.288 0.015
143.619 0.001 0.288 0.015
143.778 0.001 0.289 0.015
143.778 0.001 0.288 0.015
143.778 0.001 0.289 0.015
143.858 0.001 0.289 0.015
143.858 0.001 0.289 0.015
143.858 0.001 0.289 0.015
143.858 0.001 0.289 0.015
143.858 0.001 0.289 0.015
143.858 0.001 0.289 0.015
143.858 0.001 0.289 0.015
143.858 0.001 0.289 0.015
143.937 0.001 0.288 0.015
143.937 0.001 0.289 0.015
143.937 0.001 0.289 0.015
143.937 0.001 0.289 0.015
143.937 0.001 0.289 0.015
143.937 0.001 0.289 0.015
144.017 0.001 0.289 0.015
144.017 0.001 0.289 0.015
144.017 0.001 0.289 0.015
144.017 0.001 0.289 0.015
144.096 0.001 0.289 0.015
144.096 0.001 0.289 0.015
144.096 0.001 0.289 0.015
144.096 0.001 0.289 0.015
144.096 0.001 0.289 0.015
144.096 0.001 0.289 0.015
144.096 0.001 0.289 0.015
144.176 0.001 0.289 0.015
144.176 0.001 0.289 0.015
144.176 0.001 0.289 0.015
144.255 0.001 0.29 0.015
144.255 0.001 0.29 0.015
144.255 0.001 0.289 0.015
144.255 0.001 0.289 0.015
144.255 0.001 0.289 0.015
144.255 0.001 0.289 0.015
144.255 0.001 0.289 0.015
144.255 0.001 0.289 0.015
144.255 0.001 0.289 0.015
144.335 0.001 0.291 0.015
144.335 0.001 0.29 0.015
144.335 0.001 0.29 0.015
144.335 0.001 0.289 0.015
144.414 0.001 0.291 0.015
144.414 0.001 0.29 0.015
144.414 0.001 0.29 0.015
144.414 0.001 0.29 0.015
144.414 0.001 0.29 0.015
144.414 0.001 0.29 0.015
144.414 0.001 0.29 0.015
144.414 0.001 0.29 0.015
144.414 0.001 0.29 0.015
144.414 0.001 0.289 0.015
144.493 0.001 0.291 0.015
144.493 0.001 0.292 0.015
144.493 0.001 0.291 0.015
144.493 0.001 0.291 0.015
144.493 0.001 0.291 0.015
144.493 0.001 0.292 0.015
144.493 0.001 0.29 0.015
144.493 0.001 0.29 0.015
144.493 0.001 0.29 0.015
144.493 0.001 0.29 0.015
144.493 0.001 0.29 0.015
144.493 0.001 0.29 0.015
144.573 0.001 0.291 0.015
144.573 0.001 0.292 0.015
144.573 0.001 0.29 0.015
144.573 0.001 0.29 0.015
144.652 0.001 0.291 0.015
144.652 0.001 0.291 0.015
144.652 0.001 0.291 0.015
144.652 0.001 0.291 0.015
144.731 0.001 0.29 0.015
144.731 0.001 0.292 0.015
144.731 0.001 0.291 0.015
144.81 0.001 0.291 0.015
144.81 0.001 0.291 0.015
144.81 0.001 0.291 0.015
144.889 0.001 0.29 0.015
144.889 0.001 0.29 0.015
144.889 0.001 0.29 0.015
144.889 0.001 0.29 0.015
144.889 0.001 0.291 0.015
144.969 0.001 0.29 0.015
145.048 0.001 0.289 0.015
145.048 0.001 0.291 0.015
145.048 0.001 0.291 0.015
145.048 0.001 0.29 0.015
145.048 0.001 0.29 0.015
145.127 0.001 0.289 0.015
145.127 0.001 0.291 0.015
145.127 0.001 0.291 0.015
145.127 0.001 0.291 0.015
145.127 0.001 0.291 0.015
145.127 0.001 0.29 0.015
145.127 0.001 0.29 0.015
145.206 0.001 0.29 0.015
145.206 0.001 0.29 0.015
145.206 0.001 0.29 0.015
145.206 0.001 0.29 0.015
145.206 0.001 0.29 0.015
145.206 0.001 0.289 0.015
145.206 0.001 0.29 0.015
145.206 0.001 0.289 0.015
145.206 0.001 0.289 0.015
145.206 0.001 0.289 0.015
145.206 0.001 0.289 0.015
145.206 0.001 0.291 0.015
145.206 0.001 0.291 0.015
145.206 0.001 0.291 0.015
145.206 0.001 0.291 0.015
145.285 0.001 0.291 0.015
145.285 0.001 0.291 0.015
145.285 0.001 0.291 0.015
145.285 0.001 0.292 0.015
145.285 0.001 0.292 0.015
145.285 0.001 0.292 0.015
145.285 0.001 0.29 0.015
145.285 0.001 0.29 0.015
145.285 0.001 0.29 0.015
145.285 0.001 0.289 0.015
145.364 0.001 0.291 0.015
145.364 0.001 0.29 0.015
145.364 0.001 0.291 0.015
145.364 0.001 0.292 0.015
145.364 0.001 0.292 0.015
145.364 0.001 0.292 0.015
145.364 0.001 0.292 0.015
145.364 0.001 0.292 0.015
145.364 0.001 0.292 0.015
145.364 0.001 0.29 0.015
145.364 0.001 0.29 0.015
145.364 0.001 0.289 0.015
145.443 0.001 0.291 0.015
145.443 0.001 0.291 0.015
145.443 0.001 0.292 0.015
145.522 0.001 0.291 0.015
145.522 0.001 0.291 0.015
145.601 0.001 0.292 0.015
145.601 0.001 0.292 0.015
145.601 0.001 0.292 0.015
145.68 0.001 0.292 0.015
145.68 0.001 0.292 0.015
145.68 0.001 0.292 0.015
145.68 0.001 0.292 0.015
145.759 0.001 0.291 0.015
145.759 0.001 0.292 0.015
145.759 0.001 0.292 0.015
145.837 0.001 0.29 0.015
145.837 0.001 0.29 0.015
145.837 0.001 0.29 0.015
145.837 0.001 0.29 0.015
145.837 0.001 0.29 0.015
145.837 0.001 0.29 0.015
145.837 0.001 0.291 0.015
145.837 0.001 0.291 0.015
145.837 0.001 0.291 0.015
145.837 0.001 0.292 0.015
145.837 0.001 0.291 0.015
145.837 0.001 0.291 0.015
145.837 0.001 0.292 0.015
145.916 0.001 0.29 0.015
145.916 0.001 0.29 0.015
145.916 0.001 0.29 0.015
145.916 0.001 0.291 0.015
145.995 0.001 0.29 0.015
145.995 0.001 0.29 0.015
145.995 0.001 0.29 0.015
145.995 0.001 0.29 0.015
145.995 0.001 0.29 0.015
145.995 0.001 0.29 0.015
145.995 0.001 0.29 0.015
145.995 0.001 0.291 0.015
145.995 0.001 0.291 0.015
146.074 0.001 0.29 0.015
146.074 0.001 0.29 0.015
146.074 0.001 0.29 0.015
146.074 0.001 0.29 0.015
146.074 0.001 0.29 0.015
146.074 0.001 0.29 0.015
146.074 0.001 0.29 0.015
146.074 0.001 0.29 0.015
146.074 0.001 0.29 0.015
146.153 0.001 0.29 0.015
146.153 0.001 0.29 0.015
146.153 0.001 0.29 0.015
146.231 0.001 0.292 0.015
146.231 0.001 0.29 0.015
146.31 0.001 0.293 0.015
146.31 0.001 0.292 0.015
146.31 0.001 0.292 0.015
146.31 0.001 0.292 0.015
146.31 0.001 0.29 0.015
146.389 0.001 0.292 0.015
146.389 0.001 0.292 0.015
146.389 0.001 0.292 0.015
146.389 0.001 0.292 0.015
146.389 0.001 0.291 0.015
146.389 0.001 0.291 0.015
146.389 0.001 0.291 0.015
146.467 0.001 0.292 0.015
146.467 0.001 0.292 0.015
146.467 0.001 0.292 0.015
146.467 0.001 0.292 0.015
146.467 0.001 0.292 0.015
146.546 0.001 0.293 0.015
146.546 0.001 0.292 0.015
146.546 0.001 0.292 0.015
146.625 0.001 0.294 0.015
146.625 0.001 0.294 0.015
146.625 0.001 0.293 0.015
146.625 0.001 0.293 0.015
146.625 0.001 0.293 0.015
146.625 0.001 0.293 0.015
146.625 0.001 0.293 0.015
146.625 0.001 0.293 0.015
146.625 0.001 0.293 0.015
146.703 0.001 0.294 0.015
146.703 0.001 0.294 0.015
146.703 0.001 0.294 0.015
146.703 0.001 0.293 0.015
146.703 0.001 0.293 0.015
146.782 0.001 0.294 0.015
146.782 0.001 0.293 0.015
146.782 0.001 0.293 0.015
146.782 0.001 0.293 0.015
146.782 0.001 0.294 0.015
146.782 0.001 0.294 0.015
146.782 0.001 0.294 0.015
146.782 0.001 0.292 0.015
146.86 0.001 0.294 0.015
146.86 0.001 0.293 0.015
146.86 0.001 0.293 0.015
146.86 0.001 0.294 0.015
146.86 0.001 0.294 0.015
146.939 0.001 0.295 0.015
146.939 0.001 0.295 0.015
146.939 0.001 0.295 0.015
146.939 0.001 0.293 0.015
146.939 0.001 0.293 0.015
147.017 0.001 0.296 0.015
147.017 0.001 0.295 0.015
147.017 0.001 0.295 0.015
147.017 0.001 0.295 0.015
147.017 0.001 0.293 0.015
147.017 0.001 0.293 0.015
147.017 0.001 0.293 0.015
147.095 0.001 0.296 0.015
147.095 0.001 0.296 0.015
147.095 0.001 0.296 0.015
147.095 0.001 0.296 0.015
147.095 0.001 0.296 0.015
147.095 0.001 0.295 0.015
147.095 0.001 0.295 0.015
147.174 0.001 0.296 0.015
147.174 0.001 0.296 0.015
147.252 0.001 0.294 0.015
147.252 0.001 0.295 0.015
147.252 0.001 0.295 0.015
147.252 0.001 0.295 0.015
147.252 0.001 0.296 0.015
147.252 0.001 0.296 0.015
147.252 0.001 0.296 0.015
147.252 0.001 0.296 0.015
147.252 0.001 0.296 0.015
147.252 0.001 0.296 0.015
147.331 0.001 0.295 0.015
147.331 0.001 0.295 0.015
147.331 0.001 0.295 0.015
147.331 0.001 0.296 0.015
147.331 0.001 0.296 0.015
147.331 0.001 0.296 0.015
147.409 0.001 0.295 0.015
147.409 0.001 0.295 0.015
147.409 0.001 0.296 0.015
147.409 0.001 0.296 0.015
147.409 0.001 0.296 0.015
147.487 0.001 0.295 0.015
147.565 0.001 0.295 0.015
147.565 0.001 0.295 0.015
147.565 0.001 0.295 0.015
147.565 0.001 0.295 0.015
147.644 0.001 0.296 0.015
147.644 0.001 0.296 0.015
147.644 0.001 0.295 0.015
147.644 0.001 0.295 0.015
147.644 0.001 0.295 0.015
147.644 0.001 0.295 0.015
147.644 0.001 0.295 0.015
147.722 0.001 0.296 0.015
147.722 0.001 0.296 0.015
147.722 0.001 0.296 0.015
147.722 0.001 0.296 0.015
147.722 0.001 0.296 0.015
147.722 0.001 0.295 0.015
147.722 0.001 0.295 0.015
147.722 0.001 0.295 0.015
147.722 0.001 0.295 0.015
147.722 0.001 0.295 0.015
147.722 0.001 0.295 0.015
147.722 0.001 0.295 0.015
147.722 0.001 0.295 0.015
147.8 0.001 0.296 0.015
147.8 0.001 0.295 0.015
147.8 0.001 0.295 0.015
147.8 0.001 0.295 0.015
147.878 0.001 0.294 0.015
147.878 0.001 0.294 0.015
147.878 0.001 0.294 0.015
147.878 0.001 0.294 0.015
147.878 0.001 0.296 0.015
147.956 0.001 0.294 0.015
147.956 0.001 0.294 0.015
147.956 0.001 0.296 0.015
148.034 0.001 0.292 0.015
148.034 0.001 0.293 0.015
148.034 0.001 0.293 0.015
148.034 0.001 0.293 0.015
148.034 0.001 0.294 0.015
148.034 0.001 0.294 0.015
148.034 0.001 0.294 0.015
148.034 0.001 0.294 0.015
148.034 0.001 0.294 0.015
148.112 0.001 0.293 0.015
148.112 0.001 0.294 0.015
148.112 0.001 0.294 0.015
148.112 0.001 0.294 0.015
148.112 0.001 0.294 0.015
148.112 0.001 0.294 0.015
148.19 0.001 0.292 0.015
148.19 0.001 0.293 0.015
148.19 0.001 0.294 0.015
148.19 0.001 0.294 0.015
148.19 0.001 0.294 0.015
148.269 0.001 0.293 0.015
148.269 0.001 0.292 0.015
148.269 0.001 0.292 0.015
148.269 0.001 0.293 0.015
148.269 0.001 0.293 0.015
148.269 0.001 0.293 0.015
148.269 0.001 0.293 0.015
148.346 0.001 0.292 0.015
148.346 0.001 0.292 0.015
148.346 0.001 0.292 0.015
148.346 0.001 0.292 0.015
148.346 0.001 0.292 0.015
148.346 0.001 0.292 0.015
148.346 0.001 0.292 0.015
148.346 0.001 0.292 0.015
148.346 0.001 0.292 0.015
148.346 0.001 0.292 0.015
148.346 0.001 0.292 0.015
148.346 0.001 0.293 0.015
148.346 0.001 0.293 0.015
148.346 0.001 0.294 0.015
148.424 0.001 0.293 0.015
148.424 0.001 0.293 0.015
148.424 0.001 0.293 0.015
148.424 0.001 0.292 0.015
148.424 0.001 0.293 0.015
148.424 0.001 0.293 0.015
148.502 0.001 0.293 0.015
148.58 0.001 0.294 0.015
148.58 0.001 0.293 0.015
148.658 0.001 0.293 0.015
148.658 0.001 0.293 0.015
148.658 0.001 0.293 0.015
148.658 0.001 0.293 0.015
148.658 0.001 0.293 0.015
148.658 0.001 0.293 0.015
148.658 0.001 0.293 0.015
148.736 0.001 0.294 0.015
148.736 0.001 0.293 0.015
148.736 0.001 0.294 0.015
148.814 0.001 0.295 0.015
148.892 0.001 0.297 0.015
148.892 0.001 0.295 0.015
148.892 0.001 0.295 0.015
148.892 0.001 0.295 0.015
148.892 0.001 0.295 0.015
148.892 0.001 0.293 0.015
148.892 0.001 0.293 0.015
148.969 0.001 0.297 0.015
148.969 0.001 0.297 0.015
148.969 0.001 0.297 0.015
148.969 0.001 0.297 0.015
148.969 0.001 0.295 0.015
148.969 0.001 0.295 0.015
148.969 0.001 0.293 0.015
148.969 0.001 0.293 0.015
149.047 0.001 0.297 0.015
149.047 0.001 0.297 0.015
149.047 0.001 0.297 0.015
149.047 0.001 0.297 0.015
149.047 0.001 0.295 0.015
149.047 0.001 0.295 0.015
149.047 0.001 0.295 0.015
149.125 0.001 0.297 0.015
149.125 0.001 0.298 0.015
149.125 0.001 0.298 0.015
149.125 0.001 0.298 0.015
149.203 0.001 0.296 0.015
149.203 0.001 0.297 0.015
149.203 0.001 0.298 0.015
149.203 0.001 0.298 0.015
149.203 0.001 0.297 0.015
149.28 0.001 0.297 0.015
149.28 0.001 0.297 0.015
149.28 0.001 0.297 0.015
149.28 0.001 0.297 0.015
149.28 0.001 0.297 0.015
149.28 0.001 0.297 0.015
149.28 0.001 0.297 0.015
149.28 0.001 0.298 0.015
149.28 0.001 0.298 0.015
149.28 0.001 0.298 0.015
149.28 0.001 0.298 0.015
149.358 0.001 0.297 0.015
149.358 0.001 0.297 0.015
149.358 0.001 0.297 0.015
149.358 0.001 0.297 0.015
149.358 0.001 0.297 0.015
149.436 0.001 0.297 0.015
149.436 0.001 0.297 0.015
149.436 0.001 0.297 0.015
149.436 0.001 0.297 0.015
149.513 0.001 0.297 0.015
149.513 0.001 0.297 0.015
149.591 0.001 0.296 0.015
149.591 0.001 0.296 0.015
149.591 0.001 0.296 0.015
149.668 0.001 0.296 0.015
149.668 0.001 0.297 0.015
149.668 0.001 0.296 0.015
149.668 0.001 0.296 0.015
149.668 0.001 0.296 0.015
149.668 0.001 0.296 0.015
149.746 0.001 0.296 0.015
149.746 0.001 0.296 0.015
149.746 0.001 0.296 0.015
149.746 0.001 0.296 0.015
149.746 0.001 0.296 0.015
149.746 0.001 0.297 0.015
149.746 0.001 0.297 0.015
149.746 0.001 0.297 0.015
149.746 0.001 0.297 0.015
149.746 0.001 0.297 0.015
149.746 0.001 0.296 0.015
149.746 0.001 0.296 0.015
149.746 0.001 0.296 0.015
149.746 0.001 0.296 0.015
149.823 0.001 0.296 0.015
149.823 0.001 0.296 0.015
149.823 0.001 0.296 0.015
149.823 0.001 0.297 0.015
149.823 0.001 0.297 0.015
149.823 0.001 0.297 0.015
149.901 0.001 0.296 0.015
149.901 0.001 0.296 0.015
149.901 0.001 0.296 0.015
149.978 0.001 0.296 0.015
149.978 0.001 0.296 0.015
149.978 0.001 0.296 0.015
149.978 0.001 0.296 0.015
149.978 0.001 0.296 0.015
149.978 0.001 0.296 0.015
149.978 0.001 0.297 0.015
150.056 0.001 0.297 0.015
150.056 0.001 0.297 0.015
150.056 0.001 0.297 0.015
150.056 0.001 0.296 0.015
150.056 0.001 0.296 0.015
150.056 0.001 0.296 0.015
150.056 0.001 0.296 0.015
150.056 0.001 0.296 0.015
150.056 0.001 0.296 0.015
150.133 0.001 0.299 0.015
150.133 0.001 0.299 0.015
150.133 0.001 0.297 0.015
150.133 0.001 0.297 0.015
150.133 0.001 0.296 0.015
150.133 0.001 0.296 0.015
150.133 0.001 0.296 0.015
150.133 0.001 0.296 0.015
150.133 0.001 0.296 0.015
150.21 0.001 0.299 0.015
150.21 0.001 0.299 0.015
150.21 0.001 0.299 0.015
150.21 0.001 0.297 0.015
150.21 0.001 0.297 0.015
150.21 0.001 0.297 0.015
150.21 0.001 0.297 0.015
150.288 0.001 0.299 0.015
150.288 0.001 0.299 0.015
150.288 0.001 0.298 0.015
150.288 0.001 0.298 0.015
150.288 0.001 0.298 0.015
150.288 0.001 0.297 0.015
150.365 0.001 0.299 0.015
150.365 0.001 0.299 0.015
150.365 0.001 0.298 0.015
150.365 0.001 0.298 0.015
150.365 0.001 0.299 0.015
150.365 0.001 0.298 0.015
150.365 0.001 0.298 0.015
150.442 0.001 0.299 0.015
150.442 0.001 0.299 0.015
150.442 0.001 0.298 0.015
150.442 0.001 0.298 0.015
150.52 0.001 0.3 0.015
150.52 0.001 0.299 0.015
150.52 0.001 0.298 0.015
150.52 0.001 0.299 0.015
150.597 0.001 0.3 0.015
150.597 0.001 0.299 0.015
150.597 0.001 0.299 0.015
150.597 0.001 0.299 0.015
150.597 0.001 0.299 0.015
150.597 0.001 0.299 0.015
150.674 0.001 0.299 0.015
150.674 0.001 0.299 0.015
150.674 0.001 0.3 0.015
150.674 0.001 0.3 0.015
150.674 0.001 0.3 0.015
150.674 0.001 0.3 0.015
150.674 0.001 0.299 0.015
150.751 0.001 0.3 0.015
150.751 0.001 0.3 0.015
150.751 0.001 0.299 0.015
150.751 0.001 0.3 0.015
150.751 0.001 0.3 0.015
150.751 0.001 0.3 0.015
150.751 0.001 0.3 0.015
150.829 0.001 0.3 0.015
150.829 0.001 0.3 0.015
150.829 0.001 0.3 0.015
150.829 0.001 0.3 0.015
150.906 0.001 0.298 0.015
150.906 0.001 0.298 0.015
150.983 0.001 0.298 0.015
150.983 0.001 0.298 0.015
150.983 0.001 0.298 0.015
150.983 0.001 0.298 0.015
150.983 0.001 0.298 0.015
150.983 0.001 0.3 0.015
150.983 0.001 0.3 0.015
150.983 0.001 0.299 0.015
151.06 0.001 0.298 0.015
151.06 0.001 0.298 0.015
151.06 0.001 0.3 0.015
151.06 0.001 0.3 0.015
151.06 0.001 0.3 0.015
151.06 0.001 0.3 0.015
151.06 0.001 0.3 0.015
151.137 0.001 0.299 0.015
151.137 0.001 0.299 0.015
151.137 0.001 0.299 0.015
151.137 0.001 0.299 0.015
151.137 0.001 0.299 0.015
151.137 0.001 0.299 0.015
151.137 0.001 0.299 0.015
151.137 0.001 0.299 0.015
151.137 0.001 0.298 0.015
151.137 0.001 0.3 0.015
151.137 0.001 0.3 0.015
151.137 0.001 0.3 0.015
151.214 0.001 0.298 0.015
151.214 0.001 0.299 0.015
151.214 0.001 0.299 0.015
151.214 0.001 0.299 0.015
151.214 0.001 0.299 0.015
151.291 0.001 0.298 0.015
151.291 0.001 0.298 0.015
151.291 0.001 0.299 0.015
151.291 0.001 0.299 0.015
151.368 0.001 0.299 0.015
151.445 0.001 0.3 0.015
151.445 0.001 0.298 0.015
151.445 0.001 0.298 0.015
151.445 0.001 0.299 0.015
151.445 0.001 0.298 0.015
151.522 0.001 0.298 0.015
151.522 0.001 0.298 0.015
151.522 0.001 0.298 0.015
151.599 0.001 0.298 0.015
151.599 0.001 0.298 0.015
151.599 0.001 0.299 0.015
151.676 0.001 0.299 0.015
151.676 0.001 0.299 0.015
151.676 0.001 0.299 0.015
151.676 0.001 0.298 0.015
151.676 0.001 0.298 0.015
151.753 0.001 0.299 0.015
151.753 0.001 0.299 0.015
151.753 0.001 0.298 0.015
151.753 0.001 0.299 0.015
151.753 0.001 0.299 0.015
151.753 0.001 0.3 0.015
151.753 0.001 0.3 0.015
151.753 0.001 0.3 0.015
151.753 0.001 0.3 0.015
151.753 0.001 0.3 0.015
151.829 0.001 0.298 0.015
151.829 0.001 0.299 0.015
151.829 0.001 0.298 0.015
151.829 0.001 0.299 0.015
151.829 0.001 0.3 0.015
151.829 0.001 0.3 0.015
151.829 0.001 0.3 0.015
151.906 0.001 0.301 0.015
151.906 0.001 0.299 0.015
151.906 0.001 0.3 0.015
151.906 0.001 0.3 0.015
151.906 0.001 0.299 0.015
151.906 0.001 0.299 0.015
151.906 0.001 0.299 0.015
151.906 0.001 0.299 0.015
151.906 0.001 0.299 0.015
151.906 0.001 0.299 0.015
151.906 0.001 0.3 0.015
151.983 0.001 0.3 0.015
151.983 0.001 0.3 0.015
151.983 0.001 0.299 0.015
152.06 0.001 0.301 0.015
152.06 0.001 0.301 0.015
152.06 0.001 0.301 0.015
152.06 0.001 0.301 0.015
152.06 0.001 0.3 0.015
152.06 0.001 0.299 0.015
152.06 0.001 0.299 0.015
152.06 0.001 0.299 0.015
152.136 0.001 0.301 0.015
152.136 0.001 0.301 0.015
152.136 0.001 0.301 0.015
152.136 0.001 0.301 0.015
152.213 0.001 0.302 0.015
152.213 0.001 0.302 0.015
152.213 0.001 0.302 0.015
152.213 0.001 0.302 0.015
152.213 0.001 0.301 0.015
152.213 0.001 0.299 0.015
152.213 0.001 0.299 0.015
152.29 0.001 0.302 0.015
152.29 0.001 0.302 0.015
152.29 0.001 0.302 0.015
152.29 0.001 0.302 0.015
152.29 0.001 0.302 0.015
152.29 0.001 0.302 0.015
152.367 0.001 0.302 0.015
152.367 0.001 0.302 0.015
152.367 0.001 0.302 0.015
152.367 0.001 0.302 0.015
152.367 0.001 0.302 0.015
152.367 0.001 0.302 0.015
152.367 0.001 0.302 0.015
152.443 0.001 0.3 0.015
152.443 0.001 0.302 0.015
152.443 0.001 0.302 0.015
152.443 0.001 0.302 0.015
152.52 0.001 0.3 0.015
152.52 0.001 0.3 0.015
152.52 0.001 0.3 0.015
152.52 0.001 0.3 0.015
152.52 0.001 0.3 0.015
152.596 0.001 0.3 0.015
152.596 0.001 0.3 0.015
152.673 0.001 0.3 0.015
152.673 0.001 0.3 0.015
152.673 0.001 0.3 0.015
152.749 0.001 0.3 0.015
152.826 0.001 0.301 0.015
152.826 0.001 0.3 0.015
152.826 0.001 0.3 0.015
152.826 0.001 0.3 0.015
152.826 0.001 0.3 0.015
152.902 0.001 0.3 0.015
152.902 0.001 0.3 0.015
152.902 0.001 0.3 0.015
152.979 0.001 0.3 0.015
152.979 0.001 0.3 0.015
152.979 0.001 0.3 0.015
152.979 0.001 0.3 0.015
152.979 0.001 0.3 0.015
152.979 0.001 0.3 0.015
152.979 0.001 0.3 0.015
152.979 0.001 0.3 0.015
152.979 0.001 0.3 0.015
152.979 0.001 0.3 0.015
153.055 0.001 0.3 0.015
153.055 0.001 0.3 0.015
153.132 0.001 0.3 0.015
153.132 0.001 0.3 0.015
153.132 0.001 0.3 0.015
153.132 0.001 0.3 0.015
153.132 0.001 0.3 0.015
153.132 0.001 0.3 0.015
153.132 0.001 0.3 0.015
153.132 0.001 0.3 0.015
153.132 0.001 0.3 0.015
153.132 0.001 0.3 0.015
153.208 0.001 0.3 0.015
153.208 0.001 0.3 0.015
153.208 0.001 0.3 0.015
153.208 0.001 0.3 0.015
153.285 0.001 0.301 0.015
153.285 0.001 0.3 0.015
153.285 0.001 0.3 0.015
153.285 0.001 0.3 0.015
153.285 0.001 0.3 0.015
153.285 0.001 0.3 0.015
153.361 0.001 0.3 0.015
153.361 0.001 0.3 0.015
153.437 0.001 0.301 0.015
153.437 0.001 0.301 0.015
153.437 0.001 0.301 0.015
153.437 0.001 0.301 0.015
153.437 0.001 0.3 0.015
153.437 0.001 0.3 0.015
153.437 0.001 0.3 0.015
153.437 0.001 0.3 0.015
153.437 0.001 0.3 0.015
153.437 0.001 0.3 0.015
153.437 0.001 0.3 0.015
153.437 0.001 0.3 0.015
153.514 0.001 0.301 0.015
153.514 0.001 0.301 0.015
153.514 0.001 0.301 0.015
153.514 0.001 0.301 0.015
153.514 0.001 0.301 0.015
153.514 0.001 0.301 0.015
153.514 0.001 0.301 0.015
153.514 0.001 0.3 0.015
153.514 0.001 0.3 0.015
153.514 0.001 0.3 0.015
153.514 0.001 0.3 0.015
153.514 0.001 0.3 0.015
153.514 0.001 0.3 0.015
153.59 0.001 0.301 0.015
153.59 0.001 0.301 0.015
153.59 0.001 0.301 0.015
153.59 0.001 0.301 0.015
153.59 0.001 0.301 0.015
153.59 0.001 0.301 0.015
153.59 0.001 0.3 0.015
153.59 0.001 0.3 0.015
153.59 0.001 0.3 0.015
153.666 0.001 0.301 0.015
153.666 0.001 0.301 0.015
153.818 0.001 0.301 0.015
153.818 0.001 0.301 0.015
153.895 0.001 0.302 0.015
153.895 0.001 0.302 0.015
153.895 0.001 0.302 0.015
153.895 0.001 0.3 0.015
153.895 0.001 0.301 0.015
153.895 0.001 0.301 0.015
153.971 0.001 0.302 0.015
153.971 0.001 0.302 0.015
153.971 0.001 0.301 0.015
153.971 0.001 0.301 0.015
153.971 0.001 0.301 0.015
154.047 0.001 0.302 0.015
154.047 0.001 0.302 0.015
154.047 0.001 0.302 0.015
154.047 0.001 0.302 0.015
154.047 0.001 0.302 0.015
154.047 0.001 0.302 0.015
154.047 0.001 0.301 0.015
154.047 0.001 0.301 0.015
154.123 0.001 0.302 0.015
154.123 0.001 0.302 0.015
154.123 0.001 0.302 0.015
154.123 0.001 0.302 0.015
154.199 0.001 0.303 0.015
154.199 0.001 0.303 0.015
154.199 0.001 0.302 0.015
154.199 0.001 0.302 0.015
154.199 0.001 0.302 0.015
154.199 0.001 0.303 0.015
154.199 0.001 0.302 0.015
154.199 0.001 0.302 0.015
154.199 0.001 0.302 0.015
154.199 0.001 0.302 0.015
154.199 0.001 0.302 0.015
154.199 0.001 0.302 0.015
154.275 0.001 0.303 0.015
154.275 0.001 0.303 0.015
154.275 0.001 0.302 0.015
154.275 0.001 0.302 0.015
154.351 0.001 0.303 0.015
154.351 0.001 0.302 0.015
154.351 0.001 0.302 0.015
154.351 0.001 0.302 0.015
154.351 0.001 0.302 0.015
154.427 0.001 0.303 0.015
154.427 0.001 0.303 0.015
154.427 0.001 0.303 0.015
154.427 0.001 0.303 0.015
154.427 0.001 0.302 0.015
154.427 0.001 0.302 0.015
154.427 0.001 0.303 0.015
154.427 0.001 0.302 0.015
154.427 0.001 0.303 0.015
154.503 0.001 0.302 0.015
154.503 0.001 0.303 0.015
154.503 0.001 0.303 0.015
154.503 0.001 0.303 0.015
154.503 0.001 0.303 0.015
154.579 0.001 0.302 0.015
154.579 0.001 0.303 0.015
154.655 0.001 0.303 0.015
154.655 0.001 0.302 0.015
154.655 0.001 0.302 0.015
154.731 0.001 0.302 0.015
154.731 0.001 0.302 0.015
154.731 0.001 0.302 0.015
154.731 0.001 0.302 0.015
154.731 0.001 0.302 0.015
154.731 0.001 0.302 0.015
154.731 0.001 0.302 0.015
154.807 0.001 0.303 0.015
154.807 0.001 0.303 0.015
154.807 0.001 0.303 0.015
154.807 0.001 0.303 0.015
154.807 0.001 0.302 0.015
154.807 0.001 0.302 0.015
154.807 0.001 0.302 0.015
154.807 0.001 0.302 0.015
154.807 0.001 0.302 0.015
154.807 0.001 0.302 0.015
154.883 0.001 0.303 0.015
154.883 0.001 0.303 0.015
154.883 0.001 0.302 0.015
154.883 0.001 0.302 0.015
154.959 0.001 0.303 0.015
154.959 0.001 0.303 0.015
154.959 0.001 0.302 0.015
155.034 0.001 0.303 0.015
155.034 0.001 0.304 0.015
155.034 0.001 0.304 0.015
155.034 0.001 0.304 0.015
155.034 0.001 0.303 0.015
155.11 0.001 0.303 0.015
155.11 0.001 0.302 0.015
155.11 0.001 0.303 0.015
155.11 0.001 0.302 0.015
155.11 0.001 0.304 0.015
155.11 0.001 0.304 0.015
155.11 0.001 0.304 0.015
155.11 0.001 0.304 0.015
155.11 0.001 0.304 0.015
155.186 0.001 0.303 0.015
155.186 0.001 0.303 0.015
155.262 0.001 0.303 0.015
155.262 0.001 0.303 0.015
155.262 0.001 0.304 0.015
155.262 0.001 0.302 0.015
155.262 0.001 0.303 0.015
155.262 0.001 0.304 0.015
155.337 0.001 0.303 0.015
155.337 0.001 0.304 0.015
155.337 0.001 0.303 0.015
155.337 0.001 0.303 0.015
155.337 0.001 0.304 0.015
155.413 0.001 0.303 0.015
155.413 0.001 0.303 0.015
155.413 0.001 0.303 0.015
155.413 0.001 0.304 0.015
155.413 0.001 0.303 0.015
155.413 0.001 0.303 0.015
155.413 0.001 0.304 0.015
155.489 0.001 0.304 0.015
155.489 0.001 0.303 0.015
155.489 0.001 0.303 0.015
155.489 0.001 0.303 0.015
155.489 0.001 0.303 0.015
155.489 0.001 0.303 0.015
155.564 0.001 0.303 0.015
155.564 0.001 0.303 0.015
155.564 0.001 0.303 0.015
155.564 0.001 0.303 0.015
155.64 0.001 0.303 0.015
155.716 0.001 0.304 0.015
155.716 0.001 0.304 0.015
155.716 0.001 0.304 0.015
155.716 0.001 0.304 0.015
155.716 0.001 0.304 0.015
155.716 0.001 0.304 0.015
155.716 0.001 0.304 0.015
155.716 0.001 0.303 0.015
155.716 0.001 0.303 0.015
155.716 0.001 0.303 0.015
155.716 0.001 0.303 0.015
155.716 0.001 0.303 0.015
155.791 0.001 0.304 0.015
155.791 0.001 0.304 0.015
155.791 0.001 0.304 0.015
155.791 0.001 0.304 0.015
155.867 0.001 0.304 0.015
155.867 0.001 0.304 0.015
155.867 0.001 0.304 0.015
155.867 0.001 0.304 0.015
155.942 0.001 0.304 0.015
155.942 0.001 0.304 0.015
155.942 0.001 0.304 0.015
156.018 0.001 0.305 0.015
156.018 0.001 0.305 0.015
156.018 0.001 0.304 0.015
156.018 0.001 0.304 0.015
156.018 0.001 0.304 0.015
156.093 0.001 0.305 0.015
156.093 0.001 0.305 0.015
156.093 0.001 0.305 0.015
156.093 0.001 0.305 0.015
156.093 0.001 0.305 0.015
156.169 0.001 0.305 0.015
156.169 0.001 0.305 0.015
156.244 0.001 0.307 0.015
156.244 0.001 0.305 0.015
156.32 0.001 0.308 0.015
156.32 0.001 0.308 0.015
156.32 0.001 0.305 0.015
156.32 0.001 0.305 0.015
156.395 0.001 0.308 0.015
156.395 0.001 0.308 0.015
156.395 0.001 0.306 0.015
156.395 0.001 0.305 0.015
156.395 0.001 0.307 0.015
156.47 0.001 0.308 0.015
156.47 0.001 0.306 0.015
156.47 0.001 0.306 0.015
156.47 0.001 0.306 0.015
156.47 0.001 0.306 0.015
156.47 0.001 0.306 0.015
156.47 0.001 0.306 0.015
156.47 0.001 0.305 0.015
156.47 0.001 0.305 0.015
156.47 0.001 0.305 0.015
156.47 0.001 0.305 0.015
156.47 0.001 0.307 0.015
156.47 0.001 0.306 0.015
156.47 0.001 0.307 0.015
156.47 0.001 0.306 0.015
156.47 0.001 0.307 0.015
156.47 0.001 0.307 0.015
156.47 0.001 0.307 0.015
156.47 0.001 0.307 0.015
156.546 0.001 0.308 0.015
156.546 0.001 0.308 0.015
156.546 0.001 0.308 0.015
156.546 0.001 0.308 0.015
156.546 0.001 0.306 0.015
156.546 0.001 0.305 0.015
156.546 0.001 0.305 0.015
156.546 0.001 0.305 0.015
156.621 0.001 0.307 0.015
156.621 0.001 0.307 0.015
156.621 0.001 0.308 0.015
156.621 0.001 0.306 0.015
156.696 0.001 0.309 0.015
156.696 0.001 0.307 0.015
156.696 0.001 0.307 0.015
156.696 0.001 0.307 0.015
156.696 0.001 0.306 0.015
156.772 0.001 0.307 0.015
156.772 0.001 0.307 0.015
156.772 0.001 0.307 0.015
156.847 0.001 0.309 0.015
156.847 0.001 0.307 0.015
156.847 0.001 0.307 0.015
156.922 0.001 0.308 0.015
156.922 0.001 0.308 0.015
156.922 0.001 0.308 0.015
156.922 0.001 0.309 0.015
156.922 0.001 0.308 0.015
156.922 0.001 0.309 0.015
156.997 0.001 0.308 0.015
156.997 0.001 0.309 0.015
156.997 0.001 0.308 0.015
156.997 0.001 0.309 0.015
156.997 0.001 0.309 0.015
157.072 0.001 0.308 0.015
157.072 0.001 0.308 0.015
157.072 0.001 0.309 0.015
157.072 0.001 0.309 0.015
157.072 0.001 0.309 0.015
157.148 0.001 0.308 0.015
157.148 0.001 0.308 0.015
157.148 0.001 0.308 0.015
157.148 0.001 0.309 0.015
157.148 0.001 0.309 0.015
157.223 0.001 0.307 0.015
157.223 0.001 0.308 0.015
157.223 0.001 0.308 0.015
157.223 0.001 0.309 0.015
157.223 0.001 0.309 0.015
157.223 0.001 0.309 0.015
157.298 0.001 0.307 0.015
157.298 0.001 0.307 0.015
157.298 0.001 0.307 0.015
157.298 0.001 0.309 0.015
157.298 0.001 0.309 0.015
157.373 0.001 0.307 0.015
157.373 0.001 0.307 0.015
157.373 0.001 0.307 0.015
157.373 0.001 0.307 0.015
157.373 0.001 0.307 0.015
157.448 0.001 0.307 0.015
157.448 0.001 0.307 0.015
157.448 0.001 0.307 0.015
157.523 0.001 0.31 0.015
157.523 0.001 0.31 0.015
157.523 0.001 0.307 0.015
157.523 0.001 0.306 0.015
157.523 0.001 0.306 0.015
157.523 0.001 0.306 0.015
157.523 0.001 0.306 0.015
157.523 0.001 0.306 0.015
157.523 0.001 0.307 0.015
157.523 0.001 0.307 0.015
157.598 0.001 0.308 0.015
157.598 0.001 0.308 0.015
157.598 0.001 0.308 0.015
157.598 0.001 0.308 0.015
157.673 0.001 0.31 0.015
157.673 0.001 0.308 0.015
157.673 0.001 0.308 0.015
157.673 0.001 0.308 0.015
157.673 0.001 0.308 0.015
157.748 0.001 0.31 0.015
157.748 0.001 0.31 0.015
157.748 0.001 0.31 0.015
157.748 0.001 0.31 0.015
157.748 0.001 0.31 0.015
157.823 0.001 0.311 0.015
157.823 0.001 0.31 0.015
157.823 0.001 0.31 0.015
157.823 0.001 0.308 0.015
157.823 0.001 0.308 0.015
157.898 0.001 0.311 0.015
157.898 0.001 0.311 0.015
157.973 0.001 0.311 0.015
157.973 0.001 0.311 0.015
158.048 0.001 0.31 0.015
158.048 0.001 0.31 0.015
158.048 0.001 0.311 0.015
158.048 0.001 0.311 0.015
158.048 0.001 0.311 0.015
158.048 0.001 0.311 0.015
158.123 0.001 0.31 0.015
158.123 0.001 0.31 0.015
158.123 0.001 0.31 0.015
158.123 0.001 0.31 0.015
158.123 0.001 0.31 0.015
158.123 0.001 0.311 0.015
158.123 0.001 0.311 0.015
158.197 0.001 0.312 0.015
158.197 0.001 0.31 0.015
158.197 0.001 0.31 0.015
158.197 0.001 0.311 0.015
158.197 0.001 0.311 0.015
158.197 0.001 0.311 0.015
158.197 0.001 0.311 0.015
158.197 0.001 0.311 0.015
158.272 0.001 0.31 0.015
158.272 0.001 0.311 0.015
158.347 0.001 0.312 0.015
158.347 0.001 0.312 0.015
158.347 0.001 0.311 0.015
158.347 0.001 0.311 0.015
158.347 0.001 0.311 0.015
158.347 0.001 0.311 0.015
158.422 0.001 0.311 0.015
158.422 0.001 0.312 0.015
158.422 0.001 0.311 0.015
158.497 0.001 0.31 0.015
158.497 0.001 0.311 0.015
158.571 0.001 0.312 0.015
158.571 0.001 0.312 0.015
158.646 0.001 0.31 0.015
158.646 0.001 0.31 0.015
158.646 0.001 0.31 0.015
158.646 0.001 0.31 0.015
158.646 0.001 0.31 0.015
158.646 0.001 0.31 0.015
158.646 0.001 0.31 0.015
158.646 0.001 0.31 0.015
158.646 0.001 0.31 0.015
158.721 0.001 0.31 0.015
158.721 0.001 0.31 0.015
158.721 0.001 0.31 0.015
158.721 0.001 0.31 0.015
158.721 0.001 0.31 0.015
158.721 0.001 0.311 0.015
158.721 0.001 0.31 0.015
158.721 0.001 0.311 0.015
158.721 0.001 0.31 0.015
158.721 0.001 0.31 0.015
158.721 0.001 0.31 0.015
158.721 0.001 0.31 0.015
158.795 0.001 0.31 0.015
158.795 0.001 0.31 0.015
158.795 0.001 0.31 0.015
158.795 0.001 0.31 0.015
158.795 0.001 0.31 0.015
158.795 0.001 0.31 0.015
158.795 0.001 0.31 0.015
158.795 0.001 0.31 0.015
158.795 0.001 0.31 0.015
158.87 0.001 0.311 0.015
158.87 0.001 0.31 0.015
158.87 0.001 0.31 0.015
158.87 0.001 0.31 0.015
158.87 0.001 0.31 0.015
158.87 0.001 0.311 0.015
158.87 0.001 0.31 0.015
158.945 0.001 0.311 0.015
158.945 0.001 0.31 0.015
158.945 0.001 0.31 0.015
158.945 0.001 0.31 0.015
158.945 0.001 0.31 0.015
159.019 0.001 0.31 0.015
159.019 0.001 0.311 0.015
159.019 0.001 0.311 0.015
159.094 0.001 0.31 0.015
159.094 0.001 0.311 0.015
159.094 0.001 0.311 0.015
159.094 0.001 0.311 0.015
159.094 0.001 0.311 0.015
159.168 0.001 0.311 0.015
159.168 0.001 0.31 0.015
159.168 0.001 0.31 0.015
159.168 0.001 0.31 0.015
159.243 0.001 0.311 0.015
159.243 0.001 0.311 0.015
159.243 0.001 0.311 0.015
159.243 0.001 0.31 0.015
159.243 0.001 0.31 0.015
159.243 0.001 0.31 0.015
159.317 0.001 0.31 0.015
159.317 0.001 0.31 0.015
159.317 0.001 0.31 0.015
159.317 0.001 0.311 0.015
159.317 0.001 0.311 0.015
159.317 0.001 0.311 0.015
159.317 0.001 0.31 0.015
159.317 0.001 0.31 0.015
159.317 0.001 0.31 0.015
159.392 0.001 0.31 0.015
159.392 0.001 0.31 0.015
159.392 0.001 0.311 0.015
159.392 0.001 0.311 0.015
159.466 0.001 0.31 0.015
159.541 0.001 0.311 0.015
159.541 0.001 0.31 0.015
159.541 0.001 0.31 0.015
159.541 0.001 0.31 0.015
159.541 0.001 0.31 0.015
159.541 0.001 0.311 0.015
159.615 0.001 0.311 0.015
159.615 0.001 0.31 0.015
159.689 0.001 0.311 0.015
159.689 0.001 0.311 0.015
159.689 0.001 0.311 0.015
159.689 0.001 0.31 0.015
159.689 0.001 0.311 0.015
159.689 0.001 0.311 0.015
159.764 0.001 0.314 0.015
159.764 0.001 0.314 0.015
159.764 0.001 0.311 0.015
159.764 0.001 0.311 0.015
159.764 0.001 0.311 0.015
159.764 0.001 0.311 0.015
159.764 0.001 0.311 0.015
159.764 0.001 0.311 0.015
159.764 0.001 0.311 0.015
159.838 0.001 0.314 0.015
159.838 0.001 0.314 0.015
159.838 0.001 0.314 0.015
159.838 0.001 0.314 0.015
159.838 0.001 0.314 0.015
159.838 0.001 0.314 0.015
159.838 0.001 0.311 0.015
159.838 0.001 0.311 0.015
159.838 0.001 0.311 0.015
159.913 0.001 0.313 0.015
159.913 0.001 0.313 0.015
159.913 0.001 0.313 0.015
159.913 0.001 0.314 0.015
159.913 0.001 0.313 0.015
159.913 0.001 0.314 0.015
159.913 0.001 0.311 0.015
159.987 0.001 0.316 0.015
159.987 0.001 0.316 0.015
159.987 0.001 0.314 0.015
159.987 0.001 0.313 0.015
159.987 0.001 0.314 0.015
159.987 0.001 0.314 0.015
160.061 0.001 0.316 0.015
