#x dx y dy
118.057 0.001 0.286 0.015
118.148 0.001 0.285 0.015
118.148 0.001 0.286 0.015
118.148 0.001 0.286 0.015
118.148 0.001 0.287 0.015
118.238 0.001 0.286 0.015
118.238 0.001 0.286 0.015
118.238 0.001 0.286 0.015
118.238 0.001 0.286 0.015
118.238 0.001 0.286 0.015
118.238 0.001 0.286 0.015
118.238 0.001 0.286 0.015
118.329 0.001 0.287 0.015
118.329 0.001 0.286 0.015
118.329 0.001 0.286 0.015
118.329 0.001 0.287 0.015
118.419 0.001 0.286 0.015
118.419 0.001 0.287 0.015
118.509 0.001 0.286 0.015
118.509 0.001 0.287 0.015
118.509 0.001 0.288 0.015
118.509 0.001 0.288 0.015
118.509 0.001 0.288 0.015
118.6 0.001 0.286 0.015
118.6 0.001 0.286 0.015
118.6 0.001 0.287 0.015
118.6 0.001 0.287 0.015
118.6 0.001 0.287 0.015
118.6 0.001 0.287 0.015
118.6 0.001 0.287 0.015
118.6 0.001 0.287 0.015
118.6 0.001 0.288 0.015
118.6 0.001 0.288 0.015
118.6 0.001 0.288 0.015
118.6 0.001 0.288 0.015
118.69 0.001 0.287 0.015
118.69 0.001 0.287 0.015
118.69 0.001 0.288 0.015
118.69 0.001 0.288 0.015
118.69 0.001 0.288 0.015
118.69 0.001 0.288 0.015
118.78 0.001 0.287 0.015
118.78 0.001 0.288 0.015
118.78 0.001 0.288 0.015
118.87 0.001 0.288 0.015
118.87 0.001 0.288 0.015
118.87 0.001 0.288 0.015
118.87 0.001 0.288 0.015
118.87 0.001 0.288 0.015
118.87 0.001 0.289 0.015
118.87 0.001 0.288 0.015
118.961 0.001 0.288 0.015
118.961 0.001 0.288 0.015
118.961 0.001 0.288 0.015
118.961 0.001 0.288 0.015
119.051 0.001 0.288 0.015
119.051 0.001 0.287 0.015
119.051 0.001 0.287 0.015
119.141 0.001 0.288 0.015
119.141 0.001 0.288 0.015
119.141 0.001 0.288 0.015
119.141 0.001 0.287 0.015
119.141 0.001 0.287 0.015
119.141 0.001 0.287 0.015
119.141 0.001 0.287 0.015
119.231 0.001 0.288 0.015
119.231 0.001 0.288 0.015
119.231 0.001 0.287 0.015
119.321 0.001 0.287 0.015
119.321 0.001 0.287 0.015
119.411 0.001 0.287 0.015
119.5 0.001 0.287 0.015
119.5 0.001 0.287 0.015
119.5 0.001 0.287 0.015
119.5 0.001 0.287 0.015
119.5 0.001 0.287 0.015
119.5 0.001 0.287 0.015
119.5 0.001 0.287 0.015
119.5 0.001 0.288 0.015
119.5 0.001 0.288 0.015
119.5 0.001 0.288 0.015
119.59 0.001 0.287 0.015
119.59 0.001 0.287 0.015
119.59 0.001 0.287 0.015
119.59 0.001 0.287 0.015
119.59 0.001 0.287 0.015
119.59 0.001 0.287 0.015
119.59 0.001 0.287 0.015
119.59 0.001 0.288 0.015
119.59 0.001 0.288 0.015
119.59 0.001 0.288 0.015
119.68 0.001 0.287 0.015
119.68 0.001 0.287 0.015
119.68 0.001 0.287 0.015
119.68 0.001 0.288 0.015
119.68 0.001 0.288 0.015
119.68 0.001 0.288 0.015
119.68 0.001 0.29 0.015
119.77 0.001 0.287 0.015
119.77 0.001 0.287 0.015
119.77 0.001 0.288 0.015
119.77 0.001 0.29 0.015
119.77 0.001 0.29 0.015
119.859 0.001 0.287 0.015
119.859 0.001 0.29 0.015
119.859 0.001 0.29 0.015
119.859 0.001 0.29 0.015
119.859 0.001 0.29 0.015
119.859 0.001 0.29 0.015
119.859 0.001 0.29 0.015
120.039 0.001 0.29 0.015
120.039 0.001 0.293 0.015
120.128 0.001 0.292 0.015
120.128 0.001 0.292 0.015
120.128 0.001 0.292 0.015
120.128 0.001 0.292 0.015
120.128 0.001 0.293 0.015
120.128 0.001 0.293 0.015
120.128 0.001 0.293 0.015
120.218 0.001 0.291 0.015
120.218 0.001 0.292 0.015
120.218 0.001 0.292 0.015
120.218 0.001 0.292 0.015
120.218 0.001 0.291 0.015
120.218 0.001 0.293 0.015
120.218 0.001 0.293 0.015
120.218 0.001 0.293 0.015
120.307 0.001 0.291 0.015
120.307 0.001 0.293 0.015
120.307 0.001 0.293 0.015
120.307 0.001 0.292 0.015
120.307 0.001 0.292 0.015
120.397 0.001 0.293 0.015
120.397 0.001 0.292 0.015
120.397 0.001 0.292 0.015
120.397 0.001 0.292 0.015
120.397 0.001 0.292 0.015
120.397 0.001 0.292 0.015
120.397 0.001 0.292 0.015
120.397 0.001 0.292 0.015
120.397 0.001 0.292 0.015
120.486 0.001 0.292 0.015
120.486 0.001 0.292 0.015
120.486 0.001 0.292 0.015
120.486 0.001 0.292 0.015
120.486 0.001 0.292 0.015
120.486 0.001 0.292 0.015
120.486 0.001 0.292 0.015
120.486 0.001 0.292 0.015
120.486 0.001 0.292 0.015
120.486 0.001 0.292 0.015
120.486 0.001 0.292 0.015
120.486 0.001 0.292 0.015
120.575 0.001 0.292 0.015
120.575 0.001 0.292 0.015
120.575 0.001 0.292 0.015
120.665 0.001 0.292 0.015
120.754 0.001 0.292 0.015
120.754 0.001 0.292 0.015
120.754 0.001 0.292 0.015
120.754 0.001 0.292 0.015
120.754 0.001 0.292 0.015
120.843 0.001 0.292 0.015
120.843 0.001 0.292 0.015
120.843 0.001 0.292 0.015
120.843 0.001 0.292 0.015
120.843 0.001 0.292 0.015
120.843 0.001 0.292 0.015
120.932 0.001 0.292 0.015
120.932 0.001 0.292 0.015
120.932 0.001 0.292 0.015
120.932 0.001 0.292 0.015
121.021 0.001 0.292 0.015
121.021 0.001 0.292 0.015
121.021 0.001 0.292 0.015
121.021 0.001 0.292 0.015
121.021 0.001 0.292 0.015
121.021 0.001 0.292 0.015
121.021 0.001 0.292 0.015
121.021 0.001 0.293 0.015
121.021 0.001 0.293 0.015
121.021 0.001 0.293 0.015
121.11 0.001 0.292 0.015
121.11 0.001 0.292 0.015
121.11 0.001 0.293 0.015
121.11 0.001 0.293 0.015
121.11 0.001 0.293 0.015
121.11 0.001 0.293 0.015
121.11 0.001 0.293 0.015
121.199 0.001 0.293 0.015
121.199 0.001 0.293 0.015
121.199 0.001 0.293 0.015
121.199 0.001 0.293 0.015
121.288 0.001 0.293 0.015
121.288 0.001 0.293 0.015
121.288 0.001 0.293 0.015
121.288 0.001 0.293 0.015
121.288 0.001 0.293 0.015
121.288 0.001 0.293 0.015
121.288 0.001 0.296 0.015
121.377 0.001 0.293 0.015
121.377 0.001 0.295 0.015
121.377 0.001 0.295 0.015
121.377 0.001 0.295 0.015
121.466 0.001 0.293 0.015
121.466 0.001 0.295 0.015
121.466 0.001 0.295 0.015
121.466 0.001 0.295 0.015
121.466 0.001 0.295 0.015
121.466 0.001 0.296 0.015
121.466 0.001 0.296 0.015
121.555 0.001 0.295 0.015
121.555 0.001 0.295 0.015
121.555 0.001 0.295 0.015
121.555 0.001 0.296 0.015
121.555 0.001 0.296 0.015
121.644 0.001 0.296 0.015
121.644 0.001 0.296 0.015
121.644 0.001 0.296 0.015
121.732 0.001 0.296 0.015
121.732 0.001 0.296 0.015
121.821 0.001 0.296 0.015
121.821 0.001 0.294 0.015
121.91 0.001 0.296 0.015
121.91 0.001 0.296 0.015
121.91 0.001 0.296 0.015
121.91 0.001 0.296 0.015
121.91 0.001 0.294 0.015
121.91 0.001 0.294 0.015
121.91 0.001 0.294 0.015
121.91 0.001 0.294 0.015
121.998 0.001 0.296 0.015
121.998 0.001 0.296 0.015
121.998 0.001 0.296 0.015
121.998 0.001 0.294 0.015
121.998 0.001 0.294 0.015
121.998 0.001 0.294 0.015
121.998 0.001 0.294 0.015
121.998 0.001 0.295 0.015
121.998 0.001 0.295 0.015
121.998 0.001 0.295 0.015
121.998 0.001 0.295 0.015
121.998 0.001 0.295 0.015
122.087 0.001 0.296 0.015
122.087 0.001 0.296 0.015
122.087 0.001 0.295 0.015
122.087 0.001 0.295 0.015
122.176 0.001 0.294 0.015
122.176 0.001 0.295 0.015
122.353 0.001 0.295 0.015
122.353 0.001 0.295 0.015
122.353 0.001 0.295 0.015
122.353 0.001 0.295 0.015
122.353 0.001 0.295 0.015
122.441 0.001 0.295 0.015
122.441 0.001 0.295 0.015
122.441 0.001 0.296 0.015
122.441 0.001 0.296 0.015
122.529 0.001 0.295 0.015
122.529 0.001 0.295 0.015
122.529 0.001 0.295 0.015
122.529 0.001 0.295 0.015
122.529 0.001 0.296 0.015
122.529 0.001 0.296 0.015
122.529 0.001 0.296 0.015
122.618 0.001 0.295 0.015
122.618 0.001 0.296 0.015
122.618 0.001 0.296 0.015
122.618 0.001 0.296 0.015
122.618 0.001 0.296 0.015
122.618 0.001 0.296 0.015
122.618 0.001 0.296 0.015
122.706 0.001 0.296 0.015
122.706 0.001 0.296 0.015
122.706 0.001 0.296 0.015
122.706 0.001 0.296 0.015
122.706 0.001 0.296 0.015
122.706 0.001 0.296 0.015
122.706 0.001 0.297 0.015
122.794 0.001 0.296 0.015
122.794 0.001 0.297 0.015
122.794 0.001 0.297 0.015
122.794 0.001 0.297 0.015
122.882 0.001 0.297 0.015
122.882 0.001 0.297 0.015
122.882 0.001 0.297 0.015
122.882 0.001 0.297 0.015
122.882 0.001 0.297 0.015
122.882 0.001 0.297 0.015
122.882 0.001 0.297 0.015
122.882 0.001 0.297 0.015
122.882 0.001 0.297 0.015
122.97 0.001 0.297 0.015
122.97 0.001 0.297 0.015
122.97 0.001 0.297 0.015
122.97 0.001 0.297 0.015
123.059 0.001 0.297 0.015
123.059 0.001 0.297 0.015
123.147 0.001 0.297 0.015
123.147 0.001 0.297 0.015
123.147 0.001 0.297 0.015
123.147 0.001 0.298 0.015
123.147 0.001 0.298 0.015
123.147 0.001 0.298 0.015
123.235 0.001 0.298 0.015
123.235 0.001 0.298 0.015
123.235 0.001 0.298 0.015
123.235 0.001 0.298 0.015
123.235 0.001 0.298 0.015
123.235 0.001 0.296 0.015
123.235 0.001 0.296 0.015
123.235 0.001 0.296 0.015
123.235 0.001 0.296 0.015
123.323 0.001 0.298 0.015
123.323 0.001 0.298 0.015
123.323 0.001 0.296 0.015
123.323 0.001 0.296 0.015
123.323 0.001 0.296 0.015
123.323 0.001 0.296 0.015
123.411 0.001 0.296 0.015
123.411 0.001 0.296 0.015
123.411 0.001 0.299 0.015
123.411 0.001 0.299 0.015
123.411 0.001 0.299 0.015
123.411 0.001 0.298 0.015
123.499 0.001 0.299 0.015
123.499 0.001 0.299 0.015
123.499 0.001 0.299 0.015
123.499 0.001 0.298 0.015
123.586 0.001 0.299 0.015
123.586 0.001 0.299 0.015
123.586 0.001 0.298 0.015
123.586 0.001 0.299 0.015
123.586 0.001 0.3 0.015
123.586 0.001 0.3 0.015
123.674 0.001 0.299 0.015
123.674 0.001 0.298 0.015
123.674 0.001 0.298 0.015
123.674 0.001 0.298 0.015
123.674 0.001 0.298 0.015
123.674 0.001 0.3 0.015
123.674 0.001 0.3 0.015
123.674 0.001 0.3 0.015
123.674 0.001 0.299 0.015
123.762 0.001 0.299 0.015
123.762 0.001 0.299 0.015
123.762 0.001 0.3 0.015
123.762 0.001 0.3 0.015
123.762 0.001 0.3 0.015
123.762 0.001 0.299 0.015
123.85 0.001 0.298 0.015
123.85 0.001 0.3 0.015
123.85 0.001 0.3 0.015
123.85 0.001 0.299 0.015
123.85 0.001 0.299 0.015
123.85 0.001 0.299 0.015
123.85 0.001 0.299 0.015
123.85 0.001 0.299 0.015
123.937 0.001 0.299 0.015
123.937 0.001 0.299 0.015
123.937 0.001 0.299 0.015
124.025 0.001 0.298 0.015
124.025 0.001 0.298 0.015
124.025 0.001 0.298 0.015
124.025 0.001 0.298 0.015
124.025 0.001 0.298 0.015
124.025 0.001 0.298 0.015
124.113 0.001 0.298 0.015
124.113 0.001 0.298 0.015
124.113 0.001 0.298 0.015
124.113 0.001 0.299 0.015
124.2 0.001 0.298 0.015
124.288 0.001 0.298 0.015
124.288 0.001 0.299 0.015
124.288 0.001 0.299 0.015
124.288 0.001 0.299 0.015
124.288 0.001 0.299 0.015
124.375 0.001 0.298 0.015
124.375 0.001 0.299 0.015
124.375 0.001 0.298 0.015
124.375 0.001 0.299 0.015
124.375 0.001 0.299 0.015
124.375 0.001 0.299 0.015
124.375 0.001 0.299 0.015
124.375 0.001 0.299 0.015
124.375 0.001 0.299 0.015
124.375 0.001 0.299 0.015
124.463 0.001 0.299 0.015
124.463 0.001 0.299 0.015
124.463 0.001 0.299 0.015
124.463 0.001 0.299 0.015
124.463 0.001 0.299 0.015
124.463 0.001 0.299 0.015
124.463 0.001 0.299 0.015
124.55 0.001 0.299 0.015
124.55 0.001 0.299 0.015
124.637 0.001 0.299 0.015
124.637 0.001 0.299 0.015
124.637 0.001 0.299 0.015
124.637 0.001 0.298 0.015
124.637 0.001 0.298 0.015
124.637 0.001 0.298 0.015
124.725 0.001 0.3 0.015
124.812 0.001 0.299 0.015
124.812 0.001 0.299 0.015
124.812 0.001 0.298 0.015
124.812 0.001 0.298 0.015
124.812 0.001 0.3 0.015
124.812 0.001 0.3 0.015
124.899 0.001 0.298 0.015
124.899 0.001 0.298 0.015
124.899 0.001 0.298 0.015
124.899 0.001 0.3 0.015
124.899 0.001 0.3 0.015
124.899 0.001 0.3 0.015
124.987 0.001 0.298 0.015
124.987 0.001 0.298 0.015
124.987 0.001 0.3 0.015
124.987 0.001 0.3 0.015
124.987 0.001 0.3 0.015
125.074 0.001 0.299 0.015
125.074 0.001 0.3 0.015
125.074 0.001 0.3 0.015
125.074 0.001 0.3 0.015
125.074 0.001 0.3 0.015
125.161 0.001 0.3 0.015
125.161 0.001 0.3 0.015
125.161 0.001 0.3 0.015
125.161 0.001 0.3 0.015
125.248 0.001 0.3 0.015
125.248 0.001 0.301 0.015
125.248 0.001 0.301 0.015
125.248 0.001 0.301 0.015
125.335 0.001 0.3 0.015
125.335 0.001 0.301 0.015
125.335 0.001 0.302 0.015
125.335 0.001 0.301 0.015
125.335 0.001 0.302 0.015
125.422 0.001 0.302 0.015
125.422 0.001 0.301 0.015
125.422 0.001 0.302 0.015
125.422 0.001 0.302 0.015
125.422 0.001 0.302 0.015
125.422 0.001 0.303 0.015
125.422 0.001 0.303 0.015
125.509 0.001 0.302 0.015
125.509 0.001 0.301 0.015
125.509 0.001 0.302 0.015
125.509 0.001 0.302 0.015
125.509 0.001 0.302 0.015
125.596 0.001 0.302 0.015
125.596 0.001 0.302 0.015
125.596 0.001 0.302 0.015
125.596 0.001 0.303 0.015
125.596 0.001 0.303 0.015
125.596 0.001 0.303 0.015
125.596 0.001 0.303 0.015
125.683 0.001 0.303 0.015
125.683 0.001 0.303 0.015
125.683 0.001 0.302 0.015
125.683 0.001 0.302 0.015
125.77 0.001 0.302 0.015
125.77 0.001 0.303 0.015
125.77 0.001 0.302 0.015
125.77 0.001 0.302 0.015
125.77 0.001 0.302 0.015
125.77 0.001 0.302 0.015
125.856 0.001 0.302 0.015
125.856 0.001 0.302 0.015
125.856 0.001 0.302 0.015
125.856 0.001 0.302 0.015
125.856 0.001 0.302 0.015
125.856 0.001 0.301 0.015
125.856 0.001 0.302 0.015
125.943 0.001 0.302 0.015
125.943 0.001 0.302 0.015
125.943 0.001 0.302 0.015
125.943 0.001 0.302 0.015
125.943 0.001 0.303 0.015
126.03 0.001 0.301 0.015
126.03 0.001 0.302 0.015
126.03 0.001 0.303 0.015
126.116 0.001 0.302 0.015
126.116 0.001 0.303 0.015
126.203 0.001 0.303 0.015
126.203 0.001 0.303 0.015
126.203 0.001 0.303 0.015
126.203 0.001 0.303 0.015
126.203 0.001 0.302 0.015
126.203 0.001 0.302 0.015
126.203 0.001 0.303 0.015
126.29 0.001 0.303 0.015
126.29 0.001 0.303 0.015
126.29 0.001 0.302 0.015
126.29 0.001 0.303 0.015
126.29 0.001 0.303 0.015
126.376 0.001 0.303 0.015
126.376 0.001 0.303 0.015
126.376 0.001 0.302 0.015
126.376 0.001 0.303 0.015
126.376 0.001 0.303 0.015
126.376 0.001 0.303 0.015
126.376 0.001 0.304 0.015
126.463 0.001 0.302 0.015
126.463 0.001 0.303 0.015
126.463 0.001 0.303 0.015
126.549 0.001 0.303 0.015
126.549 0.001 0.303 0.015
126.549 0.001 0.304 0.015
126.549 0.001 0.303 0.015
126.636 0.001 0.303 0.015
126.636 0.001 0.304 0.015
126.636 0.001 0.304 0.015
126.636 0.001 0.304 0.015
126.636 0.001 0.304 0.015
126.636 0.001 0.303 0.015
126.636 0.001 0.303 0.015
126.636 0.001 0.303 0.015
126.722 0.001 0.303 0.015
126.722 0.001 0.304 0.015
126.722 0.001 0.303 0.015
126.722 0.001 0.303 0.015
126.809 0.001 0.304 0.015
126.809 0.001 0.304 0.015
126.809 0.001 0.304 0.015
126.809 0.001 0.303 0.015
126.895 0.001 0.304 0.015
126.895 0.001 0.303 0.015
